Harvard CMT Catalog
Search criteria:

Start date: 2000/1/1   End date: 2001/1/1
-90 <=lat<= 90          -180 <=lon<= 180 
0 <=depth<= 1000         -9999 <=time shift<= 9999
0 <=mb<= 10        0<=Ms<= 10           0<=Mw<= 10
0 <=tension plunge<= 90         0 <=null plunge<= 90

Results
Output in GMT psmeca (GMT v>3.3) format
Columns: lon lat depth mrr mtt mpp mrt mrp mtp iexp name

69.72 37.15 85 2.49 -1.95 -0.54 -0.15 0.42 -5.82 23 X Y 010100A
153.40 -60.74 15 -1.44 8.59 -7.16 4.00 0.25 -7.35 24 X Y 010100B
143.65 23.36 33 0.18 -2.84 2.66 -7.67 0.86 0.53 23 X Y 010100C
-178.56 -17.74 611 -0.49 0.83 -0.34 -0.44 -2.07 0.57 24 X Y 010200B
-175.50 51.54 38 4.46 -4.48 0.01 3.18 1.33 -1.40 24 X Y 010200D
-173.30 -21.24 15 3.80 -0.88 -2.93 0.38 2.34 -2.07 24 X Y 010200E
-175.47 51.41 33 5.61 -5.66 0.04 2.01 1.78 -1.73 23 X Y 010200F
126.58 9.71 17 5.30 -0.85 -4.45 3.91 1.74 -2.78 23 X Y 010300A
-177.48 -20.71 362 0.41 -1.21 0.81 -0.56 0.44 -0.64 24 X Y 010400B
-173.38 -20.79 15 2.77 1.58 -4.35 1.50 3.32 -0.59 23 X Y 010500A
-174.25 -21.36 55 1.66 -2.60 0.94 0.60 -0.26 -2.18 24 X Y 010500B
165.25 -11.27 15 -1.30 0.19 1.11 0.36 -0.78 -0.34 25 X Y 010500C
164.88 -11.89 28 -1.21 1.29 -0.08 0.33 -1.04 -0.38 24 X Y 010500D
92.29 32.03 33 -0.56 -0.71 1.27 0.73 -1.10 0.25 24 X Y 010500F
165.20 -11.68 25 -9.33 -0.12 9.45 -2.84 -7.33 4.01 23 X Y 010500G
-58.19 -56.03 15 0.01 0.04 -0.05 -1.45 -0.32 2.07 24 X Y 010500I
109.59 -9.39 22 2.70 -3.80 1.10 4.07 -0.68 1.37 24 X Y 010500J
97.68 1.40 34 3.20 -1.14 -2.06 -2.28 -2.37 -2.70 23 X Y 010600A
116.28 -7.74 15 -0.23 -0.32 0.55 -0.06 -1.25 -0.18 24 X Y 010600B
-136.80 58.27 15 -0.12 -0.84 0.96 0.80 -0.16 1.03 25 X Y 010600C
147.63 13.92 15 4.88 1.64 -6.52 -1.57 -0.97 -0.36 23 X Y 010600D
119.29 16.21 15 1.35 -0.01 -1.33 -0.38 -1.88 -0.16 25 X Y 010600E
-55.49 -54.63 15 -0.14 -0.76 0.89 -1.78 0.53 1.13 24 X Y 010700A
159.99 -9.78 15 -0.06 -0.69 0.76 -0.30 -3.07 3.49 25 X Y 010800A
105.51 -6.72 72 -2.00 -0.49 2.49 0.82 0.28 -0.28 24 X Y 010800D
117.39 -11.46 33 -0.80 1.16 -0.36 0.06 -0.22 -0.28 24 X Y 010800E
-70.66 -23.21 41 2.25 0.20 -2.45 0.78 -3.17 0.44 25 X Y 010800F
-173.81 -16.84 162 -0.12 -0.60 0.72 0.37 6.78 1.01 26 X Y 010800G
142.04 37.21 34 6.97 0.95 -7.92 2.30 9.38 -4.09 23 X Y 010900A
140.00 -3.03 15 -0.50 0.28 0.22 -1.26 1.40 -0.05 24 X Y 010900B
164.97 -11.12 15 1.83 3.13 -4.96 2.33 -2.45 2.49 23 X Y 010900C
174.52 -18.78 18 -0.09 -4.70 4.79 -0.42 0.46 0.73 25 X Y 010900D
-176.27 -21.94 168 -4.63 3.75 0.88 2.18 -9.06 5.91 23 X Y 011000A
140.29 27.33 454 -3.24 1.39 1.85 -1.29 -1.61 -1.82 24 X Y 011000B
123.11 40.36 15 -0.48 3.39 -2.91 3.75 -0.41 1.53 23 X Y 011100C
-178.63 -17.38 565 -1.17 0.68 0.49 0.52 -1.15 2.03 25 X Y 011300B
174.99 -22.30 33 0.23 -6.76 6.52 5.03 -9.73 5.37 23 X Y 011300C
-172.73 -15.37 15 1.21 0.39 -1.59 0.47 1.10 0.13 24 X Y 011400C
101.28 25.34 33 -0.19 -1.35 1.54 -0.39 0.15 -1.18 24 X Y 011400D
101.40 25.39 33 -0.60 -6.29 6.89 -1.85 0.12 -4.73 24 X Y 011400F
148.68 -6.56 67 1.79 1.68 -3.47 3.02 -0.96 2.05 24 X Y 011500A
-179.10 -21.11 651 -6.06 -0.43 6.49 -5.34 -8.37 1.26 24 X Y 011500C
144.72 12.04 20 -2.72 6.18 -3.46 7.27 5.19 4.77 23 X Y 011500D
114.75 -9.26 82 2.41 -3.96 1.55 2.73 -0.08 -1.20 23 X Y 011600A
-154.04 57.24 66 0.46 1.05 -1.50 1.91 0.00 6.90 23 X Y 011600B
-177.62 -30.25 38 5.57 0.75 -6.32 1.37 4.12 -1.52 24 X Y 011600C
166.02 -11.64 43 3.81 -0.13 -3.69 0.74 0.41 0.68 24 X Y 011600D
166.10 -11.53 44 5.30 -0.16 -5.14 0.44 0.95 0.70 24 X Y 011700A
-71.94 6.87 31 2.03 -0.12 -1.92 0.04 1.74 0.56 24 X Y 011700B
-177.42 -14.56 16 6.73 -5.09 -1.64 -2.58 3.41 2.38 23 X Y 011700C
-177.27 -14.40 15 4.90 -2.60 -2.30 1.55 -0.17 4.88 24 X Y 011700E
-177.14 -14.40 15 -0.27 -0.10 0.37 0.44 -0.04 1.60 24 X Y 011800B
154.08 -5.23 100 3.84 0.13 -3.97 -1.99 2.10 1.58 23 X Y 011800D
-172.41 -17.70 22 4.55 -1.78 -2.77 2.12 2.74 -0.04 23 X Y 011800E
66.67 1.20 15 -0.46 0.65 -0.19 1.21 -0.71 -0.31 24 X Y 011800G
70.29 36.30 224 7.84 -8.67 0.83 -3.90 2.86 1.45 24 X Y 011900A
-74.78 -16.44 24 0.76 -0.55 -0.21 -0.24 -1.09 0.75 24 X Y 011900B
101.33 19.92 15 -0.09 -1.20 1.29 0.00 0.32 0.92 24 X Y 011900C
-176.16 -28.22 15 1.31 0.14 -1.45 0.81 3.44 -0.38 24 X Y 012000A
148.14 -7.03 15 0.28 0.03 -0.31 1.07 1.48 -0.12 24 X Y 012000B
-161.64 56.45 218 0.52 2.94 -3.46 1.46 -2.48 -1.95 24 X Y 012000C
-127.77 43.58 15 -0.04 -1.13 1.17 0.15 -0.11 -0.90 25 X Y 012000D
176.82 51.66 44 -0.86 -0.23 1.09 -0.71 0.19 -0.10 24 X Y 012000F
125.72 13.27 15 -2.88 1.25 1.63 -1.33 2.12 -1.62 24 X Y 012100A
-17.06 -59.31 15 -0.31 -1.11 1.42 0.10 -0.63 5.25 24 X Y 012100B
152.56 -6.53 19 -7.09 5.82 1.27 2.78 0.52 1.39 23 X Y 012200A
66.07 -17.66 15 -0.42 -1.35 1.76 -0.74 0.01 0.77 24 X Y 012200E
-177.77 51.16 55 1.06 -0.90 -0.15 0.06 0.27 0.16 24 X Y 012200F
120.99 -7.77 15 4.54 -3.97 -0.57 0.90 -1.82 -1.65 24 X Y 012300A
130.84 30.03 31 0.03 -0.31 0.27 0.05 -0.75 -1.49 24 X Y 012300B
121.28 -7.70 41 2.64 -2.11 -0.53 0.79 -0.42 -0.87 24 X Y 012300C
-149.29 57.47 15 1.52 -2.63 1.11 0.02 0.60 0.09 24 X Y 012300E
-176.74 -16.87 20 -0.93 -4.24 5.18 0.74 -0.05 0.39 24 X Y 012300F
179.50 -24.72 552 8.49 -9.68 1.19 0.52 -6.14 -8.32 23 X Y 012300H
-176.76 -17.07 18 -0.28 -1.43 1.71 0.05 -0.03 0.54 24 X Y 012300I
-173.51 -17.21 69 -1.35 -0.03 1.38 -0.31 -2.53 0.57 25 X Y 012600A
95.72 30.79 33 0.98 0.13 -1.11 1.02 2.06 6.00 23 X Y 012600C
52.73 40.27 65 2.28 -0.33 -1.95 4.34 4.23 7.68 23 X Y 012600D
-105.78 -35.18 15 -0.13 -0.19 0.32 -0.35 0.11 -1.10 24 X Y 012700A
142.16 31.99 24 2.80 4.77 -7.57 3.91 1.92 -4.78 23 X Y 012700B
123.00 -7.21 596 0.94 -2.00 1.06 -0.41 -0.63 -0.40 24 X Y 012800A
146.81 43.08 50 0.51 0.60 -1.10 1.34 0.63 -0.91 26 X Y 012800B
124.56 25.92 201 -7.94 3.55 4.40 -10.00 -2.62 -1.68 24 X Y 012800C
88.96 -1.35 15 -0.11 -1.18 1.29 -0.41 0.11 -1.85 24 X Y 012800F
119.14 -9.80 88 -0.93 1.87 -0.94 1.01 -0.52 2.17 24 X Y 012800G
126.38 4.98 88 2.65 -0.42 -2.23 -1.27 -1.72 3.29 23 X Y 012900A
111.60 -8.97 69 1.11 -1.30 0.19 0.92 -0.09 -0.31 24 X Y 012900C
88.75 38.00 33 0.34 -0.72 0.38 0.23 0.29 1.36 24 X Y 013100A
-88.98 12.69 65 4.21 -5.21 1.00 -1.64 -3.19 2.92 23 X Y 020100B
124.96 -49.16 15 -0.64 0.40 0.25 1.05 -0.02 -0.04 24 X Y 020200A
148.98 -5.96 119 -4.40 7.98 -3.58 -3.69 -5.07 3.75 23 X Y 020200B
58.19 35.46 27 9.65 -9.83 0.19 -0.97 1.31 0.03 23 X Y 020200C
-154.76 65.03 15 0.47 1.15 -1.63 -0.34 1.70 -2.41 24 X Y 020300A
121.70 13.72 27 -1.53 0.92 0.61 0.36 0.65 0.94 24 X Y 020300B
9.45 75.16 16 1.07 0.38 -1.45 -0.95 0.61 -0.12 24 X Y 020300C
-86.56 -41.38 15 -0.02 0.21 -0.19 0.44 -0.04 -1.00 24 X Y 020400B
126.38 1.52 37 1.43 0.02 -1.45 -0.01 -0.92 -0.41 24 X Y 020600A
151.19 -6.06 45 6.65 -4.72 -1.92 6.00 2.87 -3.10 25 X Y 020600C
148.02 42.98 99 2.38 -1.68 -0.70 -1.19 -4.89 -2.77 23 X Y 020700A
141.88 31.08 20 7.05 1.60 -8.65 -8.65 8.82 -2.64 23 X Y 020700B
169.76 -22.03 29 1.16 -0.39 -0.77 0.49 -0.50 0.59 24 X Y 020800A
-172.30 -16.77 21 6.08 0.22 -6.30 1.45 0.67 0.82 23 X Y 020900A
65.67 -27.41 15 -1.63 6.13 -4.50 0.00 0.00 0.44 23 X Y 020900C
45.95 12.01 15 -3.72 6.59 -2.87 0.00 0.00 -0.06 23 X Y 021000A
126.32 1.19 23 1.92 -0.33 -1.59 -0.07 -0.18 -0.55 24 X Y 021000B
128.41 3.05 214 0.85 -1.02 0.17 0.48 -6.10 1.33 23 X Y 021000C
65.43 -27.64 15 -1.54 2.10 -0.56 1.60 -0.37 0.18 24 X Y 021000D
65.57 -27.61 15 -4.93 9.70 -4.78 -0.69 -3.32 -3.35 23 X Y 021000F
-110.91 -35.58 15 -1.45 -3.49 4.94 -2.56 0.03 -2.05 23 X Y 021100B
90.88 34.05 33 0.24 -2.64 2.40 -0.31 -1.15 4.88 23 X Y 021200A
153.12 -4.21 133 2.74 -2.43 -0.30 5.93 1.43 0.26 23 X Y 021200B
112.44 -8.76 130 -6.88 9.15 -2.28 1.07 -3.32 1.38 23 X Y 021200C
0.44 80.51 15 -1.15 -3.72 4.86 0.40 0.40 -1.17 23 X Y 021200E
-174.60 -15.77 238 -6.62 2.65 3.97 2.53 -4.07 4.80 24 X Y 021200F
155.06 -6.71 44 6.68 -3.28 -3.40 1.62 -1.50 3.24 24 X Y 021200G
167.92 -15.45 25 1.25 -0.07 -1.18 0.50 0.67 0.20 24 X Y 021300A
131.64 42.77 524 -1.04 8.39 -7.36 -1.01 -5.34 -5.50 24 X Y 021300B
126.88 5.73 133 3.65 -3.29 -0.36 0.13 0.40 1.29 24 X Y 021300E
46.30 11.89 15 -0.95 1.43 -0.47 0.91 0.27 -0.17 24 X Y 021400A
141.84 31.05 15 6.51 2.53 -9.04 2.26 4.52 1.58 23 X Y 021400D
145.54 17.67 526 -4.93 1.31 3.62 -3.26 -2.40 3.35 24 X Y 021500A
120.57 22.93 29 7.77 -1.37 -6.40 3.63 -0.05 -2.98 23 X Y 021500C
-61.00 17.92 15 0.41 -0.11 -0.31 -0.43 1.02 0.20 24 X Y 021600A
145.20 37.21 16 -1.36 1.31 0.05 0.10 -0.03 -0.05 24 X Y 021600B
167.09 -10.98 15 -3.86 0.09 3.76 -1.75 1.67 -0.66 23 X Y 021600C
166.97 -10.89 15 -3.41 0.55 2.87 -0.38 -0.93 -1.50 24 X Y 021600D
166.66 -10.98 15 -1.45 0.09 1.36 -0.33 -0.65 -0.44 24 X Y 021600E
167.06 -10.88 15 -8.82 2.60 6.23 -0.75 0.95 -3.10 24 X Y 021700A
-109.47 -35.51 15 -0.23 -4.09 4.33 -0.02 -4.04 -4.53 23 X Y 021700B
153.56 -4.73 65 4.57 5.21 -9.77 0.13 1.52 -1.77 23 X Y 021700C
-46.51 16.76 15 -2.87 -0.09 2.95 -1.05 0.70 0.55 24 X Y 021800B
150.06 44.48 48 3.00 -1.87 -1.13 0.40 0.80 -1.21 23 X Y 021900A
149.85 44.44 22 7.55 -1.10 -6.45 -2.44 -2.83 -6.67 23 X Y 021900B
152.22 -5.72 15 6.24 -2.20 -4.04 -0.43 2.56 1.11 23 X Y 021900C
149.54 44.48 30 3.10 -1.40 -1.69 -1.16 3.56 -1.00 23 X Y 021900D
121.25 1.28 17 -1.02 0.32 0.70 0.09 0.37 0.60 24 X Y 021900F
156.33 49.87 59 1.14 -0.38 -0.76 0.28 0.26 -0.99 24 X Y 021900G
-172.45 -20.11 60 0.76 3.47 -4.23 1.02 0.18 -3.81 23 X Y 021900H
-84.17 8.85 16 -2.37 2.09 0.28 -2.38 0.84 -0.52 24 X Y 022000A
-34.39 55.95 15 -2.78 0.29 2.49 0.73 -0.45 -0.17 23 X Y 022000B
143.65 21.30 65 -1.81 -2.43 4.24 -0.69 0.62 -3.52 23 X Y 022000C
154.82 -6.44 71 3.56 -1.97 -1.59 -0.05 0.38 1.67 24 X Y 022100A
-71.80 -29.54 52 4.71 0.71 -5.42 -1.17 3.04 -0.19 23 X Y 022100C
-107.19 18.96 15 -0.02 -2.07 2.10 0.13 0.02 -3.79 24 X Y 022100D
124.71 4.64 28 -0.18 3.28 -3.11 -2.98 3.35 4.42 23 X Y 022100F
143.63 21.19 15 -1.76 -2.63 4.40 -7.52 5.45 -2.72 23 X Y 022200A
139.02 -1.82 15 0.12 -0.50 0.38 -1.23 0.24 -0.09 24 X Y 022200B
143.52 21.48 15 -0.23 -1.50 1.72 -0.08 0.06 -0.57 24 X Y 022200C
102.19 -7.14 15 -0.49 1.48 -0.98 -2.23 -3.88 -3.09 23 X Y 022200D
25.35 34.15 33 3.79 -4.02 0.23 8.29 -1.36 6.82 23 X Y 022200E
-30.51 -60.46 15 -1.80 1.83 -0.03 -2.64 -0.88 9.22 23 X Y 022300A
154.04 -5.23 99 2.09 -0.75 -1.34 -1.39 1.51 1.06 24 X Y 022300B
-60.43 17.37 28 0.76 -0.13 -0.63 -1.13 1.25 0.34 24 X Y 022300C
-178.34 51.57 37 3.77 -2.95 -0.82 3.32 1.24 -1.03 23 X Y 022400A
174.17 -19.55 17 0.45 -5.03 4.58 0.38 1.52 0.18 26 X Y 022500B
174.59 -19.84 27 0.15 -2.58 2.43 -0.01 0.79 -0.98 24 X Y 022500D
174.39 -19.77 32 0.34 -1.49 1.15 0.75 0.78 -0.55 24 X Y 022500F
144.98 13.79 126 -0.32 0.93 -0.60 1.36 0.51 -1.27 25 X Y 022600B
161.43 -10.36 100 -3.23 -0.87 4.10 -5.01 -2.06 -2.95 23 X Y 022600E
-78.47 9.45 68 -0.96 -0.23 1.18 0.54 -0.95 0.55 25 X Y 022600F
-145.20 60.83 33 0.55 0.06 -0.61 4.42 0.26 -0.75 23 X Y 022700A
122.17 11.35 55 6.62 -0.53 -6.09 -0.77 -0.22 -3.60 23 X Y 022700B
-82.88 7.96 15 1.14 -0.43 -0.72 0.62 -0.61 0.64 24 X Y 022700D
-174.44 -22.11 15 2.90 -0.07 -2.83 1.05 2.43 -1.17 24 X Y 022800A
78.58 -35.30 15 -1.05 -7.40 8.45 -4.37 1.23 0.36 23 X Y 022800B
-178.81 -17.46 563 -2.56 0.97 1.59 0.88 -4.80 8.44 24 X Y 022800C
-114.56 -49.94 15 -0.61 3.99 -3.39 0.07 1.85 9.06 24 X Y 022900A
169.41 -17.99 24 -0.17 -0.08 0.25 0.27 0.16 -1.19 25 X Y 022900B
142.45 11.36 15 6.39 -4.56 -1.83 -2.34 -5.94 1.49 23 X Y 030100A
-179.08 -19.04 686 4.86 -4.28 -0.59 -1.03 -0.35 -3.28 24 X Y 030100B
-179.20 -19.19 688 1.07 -1.65 0.57 0.07 -0.91 -2.83 24 X Y 030100C
14.18 -52.18 15 -4.18 3.33 0.85 2.50 -2.46 -1.52 23 X Y 030100D
52.85 28.40 15 2.97 -1.88 -1.10 -3.04 0.62 -0.92 23 X Y 030100E
-145.60 60.15 15 0.40 -0.43 0.04 1.40 0.75 -0.27 24 X Y 030100F
120.43 13.01 109 2.52 -0.61 -1.91 -1.57 3.12 0.65 23 X Y 030300B
128.55 -7.37 162 4.25 -0.51 -3.75 -0.38 0.02 0.80 25 X Y 030300C
143.85 -6.92 16 7.68 -5.19 -2.49 3.10 -0.62 4.07 25 X Y 030300D
150.21 -60.20 15 -0.22 2.51 -2.30 -0.20 -0.40 -2.81 25 X Y 030400A
178.99 -34.14 15 -1.28 -4.99 6.28 0.92 -0.60 1.06 24 X Y 030400B
56.40 27.61 33 1.60 -1.55 -0.05 0.09 0.33 0.24 24 X Y 030500A
145.09 -62.83 15 1.13 -0.27 -0.87 -0.07 -0.14 1.38 25 X Y 030500B
146.27 -62.95 15 -0.32 -0.81 1.13 0.94 3.16 5.56 23 X Y 030600A
174.70 -19.88 15 -0.81 -8.59 9.40 -2.61 4.10 -8.21 23 X Y 030600B
-104.08 19.46 15 -1.14 0.25 0.88 0.22 -0.50 0.31 24 X Y 030700A
164.01 -49.13 15 1.01 0.82 -1.83 1.67 0.01 0.34 24 X Y 030700B
68.14 -2.16 20 -7.76 4.62 3.14 4.29 -3.15 -4.56 23 X Y 030700D
-154.44 57.41 43 -0.31 -0.06 0.37 0.91 1.09 0.12 24 X Y 030800A
-67.15 -23.43 198 -4.63 -2.33 6.96 2.70 1.54 -3.90 23 X Y 030800C
-151.69 62.26 107 0.29 -0.50 0.21 0.70 0.50 1.12 24 X Y 030800D
151.61 -3.49 15 -0.26 2.10 -1.84 0.52 -0.04 0.96 24 X Y 030900B
106.20 -8.92 22 2.36 -7.29 4.94 4.66 -2.07 3.08 23 X Y 031000B
143.76 -6.36 16 1.15 -0.58 -0.57 -0.67 -0.37 0.61 24 X Y 031000C
96.31 4.99 16 -0.00 -1.94 1.94 -0.87 0.56 -0.00 24 X Y 031000D
25.98 34.13 15 5.27 -6.43 1.15 6.30 -0.81 -0.45 23 X Y 031000E
139.82 27.52 455 -5.45 1.35 4.10 -0.92 -4.06 -2.05 23 X Y 031100A
-179.19 -30.13 16 -6.70 1.68 5.02 -1.99 -3.86 0.40 23 X Y 031100B
155.40 -9.62 33 -3.18 5.39 -2.21 -1.75 -1.17 -2.39 23 X Y 031100C
66.90 -16.12 15 -0.20 -0.83 1.03 0.26 -0.16 0.46 24 X Y 031200A
166.56 -12.80 88 -0.79 -8.11 8.90 2.18 -3.42 5.35 23 X Y 031200B
73.93 17.45 15 -3.38 1.02 2.36 -0.14 2.85 -0.16 23 X Y 031200C
-93.02 14.84 67 1.02 -1.42 0.40 1.95 -2.03 0.52 25 X Y 031200D
149.42 -5.92 19 6.70 -3.52 -3.19 2.15 1.41 2.78 23 X Y 031400A
129.96 -4.45 64 0.22 -0.75 0.53 1.29 -0.05 0.05 24 X Y 031400B
-97.05 -36.50 15 -0.08 0.12 -0.05 0.69 -0.19 -1.08 24 X Y 031400D
160.92 -61.67 15 -0.34 3.36 -3.01 -0.36 0.29 -1.60 24 X Y 031400E
160.86 -61.91 15 0.04 2.14 -2.18 0.68 -0.27 -0.82 24 X Y 031400F
160.12 -61.83 15 -0.13 1.90 -1.77 0.19 2.10 -0.62 24 X Y 031400G
-117.46 -44.57 15 -6.95 8.95 -1.99 2.07 2.06 -3.89 24 X Y 031500A
-178.87 -18.36 628 6.75 -5.30 -1.45 7.96 -2.57 2.40 23 X Y 031600A
-82.67 -43.02 15 -0.18 0.81 -0.63 0.01 0.17 -1.68 24 X Y 031600B
-149.72 62.22 60 -0.54 -2.11 2.65 -0.19 3.31 0.17 23 X Y 031600D
-125.24 40.41 15 0.57 -1.76 1.18 0.01 0.32 -7.60 24 X Y 031600E
-179.08 -30.11 36 -6.85 0.53 6.32 0.35 -5.13 8.22 23 X Y 031600F
26.28 -53.01 15 0.48 1.92 -2.40 0.43 -0.65 2.18 24 X Y 031700B
43.79 -41.25 15 -0.64 0.90 -0.26 1.75 -0.28 0.11 24 X Y 031700C
25.56 -52.89 15 0.14 2.72 -2.85 0.00 0.00 3.71 23 X Y 031700D
-84.38 2.39 15 -8.52 9.82 -1.30 -2.02 -0.67 -0.32 23 X Y 031800A
152.99 -4.49 48 -1.48 -3.49 4.98 5.14 0.90 -1.24 23 X Y 031800B
179.02 -24.14 540 -0.69 -0.91 1.60 -0.53 -1.37 -0.71 24 X Y 031800C
-77.61 5.69 15 -4.99 1.50 3.48 -3.17 6.95 -1.07 23 X Y 031900A
143.85 -6.84 29 3.72 -1.52 -2.20 4.10 1.67 1.19 23 X Y 031900B
141.98 38.13 72 -4.96 2.86 2.11 1.94 9.13 2.75 23 X Y 031900C
143.92 -3.45 15 5.32 -5.71 0.39 2.52 5.47 3.19 23 X Y 031900D
167.35 -16.01 30 6.64 -0.14 -6.50 -1.55 1.49 2.34 23 X Y 032000A
-97.03 -36.67 15 -2.24 -1.88 4.12 -0.35 0.64 -8.67 23 X Y 032000C
147.56 -6.26 62 1.41 -0.20 -1.21 0.91 0.19 0.82 24 X Y 032000F
141.93 31.71 15 -0.40 0.09 0.31 0.02 -1.51 0.37 24 X Y 032100A
128.05 3.35 92 4.18 2.44 -6.62 4.03 -2.96 3.54 24 X Y 032100B
48.23 39.95 54 -3.70 4.93 -1.23 -1.40 4.56 0.27 23 X Y 032100C
152.26 -5.79 17 7.40 -5.51 -1.89 2.07 6.58 -3.45 23 X Y 032100D
65.52 -11.97 15 -0.88 -2.77 3.65 -1.49 -0.13 1.62 24 X Y 032200B
155.28 -6.87 79 4.33 -1.06 -3.27 1.13 -0.55 -0.95 23 X Y 032200C
167.15 -14.66 172 2.07 -0.31 -1.76 -0.45 -0.67 0.99 24 X Y 032200F
171.10 52.22 15 -5.84 3.81 2.04 -2.80 8.27 0.41 23 X Y 032300B
-114.01 -27.06 15 0.02 0.18 -0.19 0.00 0.00 -1.12 24 X Y 032300C
-111.54 27.84 15 -0.00 -2.46 2.46 1.34 0.73 -0.76 24 X Y 032400A
-176.97 -16.64 39 -0.13 -1.03 1.15 0.31 -0.03 -0.05 24 X Y 032500A
-69.61 -16.51 221 -7.32 0.64 6.68 2.25 -8.58 0.32 23 X Y 032500C
-72.16 -32.50 49 4.77 0.62 -5.39 -1.46 -4.20 1.10 23 X Y 032600A
151.89 -5.65 51 1.23 -0.98 -0.25 -4.80 -2.26 4.25 23 X Y 032700A
-40.72 32.02 15 -1.00 0.50 0.51 0.12 0.23 0.47 24 X Y 032700B
-172.51 -16.05 17 1.83 -0.15 -1.68 0.40 1.83 -0.19 24 X Y 032700C
-91.53 13.72 38 0.42 -0.44 0.02 1.01 -0.17 0.45 24 X Y 032800A
134.00 -2.24 20 0.02 -6.38 6.36 -0.25 -0.73 2.68 23 X Y 032800B
143.76 22.32 100 -0.02 0.88 -0.86 -2.94 1.13 -0.58 27 X Y 032800C
-175.97 -28.01 15 3.35 0.54 -3.89 0.94 4.32 -1.14 24 X Y 032900A
175.47 -40.93 46 -3.26 1.67 1.59 4.68 5.72 2.61 23 X Y 032900C
142.94 22.63 83 4.57 -2.48 -2.09 1.55 0.51 -3.72 23 X Y 032900D
146.55 43.48 58 -4.36 0.92 3.44 0.03 -1.53 -2.76 23 X Y 033000B
164.03 56.47 33 -1.31 -4.87 6.17 3.17 0.46 -6.20 23 X Y 033100A
-178.34 -18.13 607 1.92 0.51 -2.43 0.72 -0.56 0.61 24 X Y 040100A
-178.67 -17.62 576 1.57 1.45 -3.02 1.23 -1.35 0.89 24 X Y 040100B
-173.66 -15.89 109 0.22 0.40 -0.62 -0.91 -2.62 0.35 24 X Y 040200A
125.75 4.10 140 -0.00 1.79 -1.78 -0.50 -0.09 -0.56 25 X Y 040300D
-96.52 -36.50 15 -0.06 -4.81 4.86 0.00 0.00 -1.48 23 X Y 040400A
133.80 -6.32 37 -3.86 0.80 3.06 2.56 3.48 -0.13 23 X Y 040400B
25.83 34.08 15 2.10 -1.81 -0.29 0.13 -0.31 0.36 24 X Y 040500A
130.80 -6.04 103 0.98 -1.38 0.39 0.51 -0.38 0.03 24 X Y 040500B
26.56 45.61 122 1.97 0.29 -2.26 -5.15 -2.82 -1.54 23 X Y 040600A
129.48 -7.10 169 -1.01 -0.08 1.09 0.69 0.84 1.02 24 X Y 040700A
-170.61 51.92 31 3.01 -2.26 -0.75 2.82 7.06 -3.48 23 X Y 040700B
-175.77 -18.86 224 -1.64 2.29 -0.64 1.85 -2.94 1.89 24 X Y 040700D
65.38 -17.54 15 -0.38 -2.80 3.18 -0.34 -0.31 1.61 25 X Y 040700E
120.72 1.36 43 0.99 -1.08 0.09 -2.08 -0.28 -0.47 24 X Y 040800B
163.99 55.05 47 5.70 -0.87 -4.83 3.76 1.92 -1.72 23 X Y 041000A
-178.03 -27.93 188 -3.53 -1.01 4.53 -3.86 0.09 -1.93 24 X Y 041100A
-102.51 18.19 52 6.72 -7.27 0.55 -0.60 0.59 4.14 23 X Y 041100C
-172.89 -15.24 61 -0.32 0.75 -0.44 -1.45 2.99 -0.71 24 X Y 041100D
142.34 39.68 48 3.15 1.87 -5.02 -0.52 -0.08 -1.70 23 X Y 041200A
126.58 10.11 17 8.95 -0.83 -8.13 -1.41 9.40 -1.95 23 X Y 041300B
-95.69 15.95 41 -3.07 -1.00 4.07 2.20 -0.48 -3.03 23 X Y 041300C
126.64 10.13 15 4.70 0.15 -4.86 -0.54 5.78 0.50 24 X Y 041300D
134.82 33.88 35 -2.11 2.82 -0.71 -1.09 -1.97 -2.82 23 X Y 041400A
-173.73 -15.11 31 -0.79 -0.53 1.32 -7.01 -1.24 -1.02 23 X Y 041500A
95.65 32.85 33 -2.30 0.97 1.33 0.84 2.87 7.62 23 X Y 041500B
-173.15 -18.58 15 2.37 -0.44 -1.93 1.22 0.27 1.07 24 X Y 041600A
-179.22 -22.00 560 -1.86 2.31 -0.45 -0.05 -1.27 0.79 24 X Y 041700A
128.26 3.99 15 1.24 -0.03 -1.21 0.87 1.40 0.08 24 X Y 041700B
128.30 3.89 15 5.68 -0.54 -5.15 1.38 9.99 0.17 23 X Y 041700C
128.39 3.91 25 1.24 0.08 -1.32 0.37 1.31 0.15 24 X Y 041700D
13.70 -52.40 15 -4.34 4.39 -0.05 -0.97 -1.62 0.16 24 X Y 041800A
128.31 4.00 15 2.51 0.10 -2.62 0.35 2.50 0.22 24 X Y 041800B
-176.07 -20.73 220 -0.21 0.05 0.16 -4.93 -8.21 1.69 24 X Y 041800D
126.76 24.17 33 -0.68 3.31 -2.63 0.59 2.66 -0.35 23 X Y 041800E
-176.84 -25.60 121 0.67 -1.08 0.41 -0.11 0.88 -0.41 24 X Y 041900C
-178.55 -31.94 51 5.59 0.19 -5.78 0.70 1.70 -1.71 23 X Y 042000A
66.14 38.74 15 7.14 -1.79 -5.34 -6.12 1.62 -3.52 23 X Y 042000D
146.07 -4.78 15 0.14 -5.53 5.38 -0.73 0.59 0.91 23 X Y 042000E
-178.02 51.35 35 8.59 -7.96 -0.63 5.42 4.89 -3.44 24 X Y 042100A
135.33 35.73 358 -1.77 1.15 0.62 0.89 0.61 1.03 24 X Y 042100B
29.39 37.78 15 -1.03 0.73 0.31 0.15 -1.57 -0.45 24 X Y 042100D
143.37 22.65 122 1.74 0.42 -2.16 -3.89 -5.74 -1.67 23 X Y 042100E
177.81 -13.83 15 0.01 -1.18 1.17 -0.50 -0.28 0.70 24 X Y 042200A
152.70 -5.68 17 7.30 -7.13 -0.17 7.75 5.29 -2.21 23 X Y 042300A
-63.04 -28.41 608 -0.22 0.04 0.18 -0.49 3.03 -0.25 26 X Y 042300B
-62.96 -28.43 610 0.05 -0.48 0.43 -0.22 1.47 -0.05 25 X Y 042300D
151.84 -5.16 83 1.77 -0.94 -0.83 0.28 1.40 1.46 24 X Y 042300E
-118.21 -53.30 15 -0.47 -1.38 1.85 0.44 -0.76 -2.36 24 X Y 042300F
142.60 12.45 33 -0.38 3.46 -3.08 2.21 -1.43 5.98 23 X Y 042400B
-75.07 -13.14 108 -3.79 1.72 2.07 -1.15 3.07 0.84 23 X Y 042500A
122.80 -10.13 33 0.35 0.97 -1.32 0.19 0.68 0.14 24 X Y 042500B
142.01 11.66 63 4.43 1.93 -6.35 1.09 -0.21 0.70 23 X Y 042500D
143.43 40.46 17 4.88 0.89 -5.77 5.76 6.93 -1.38 23 X Y 042500E
149.83 45.63 61 2.66 0.25 -2.91 1.87 -2.41 3.76 23 X Y 042500F
108.84 84.45 15 -1.18 0.43 0.75 -0.54 0.89 -0.52 24 X Y 042600A
143.28 40.19 45 0.62 0.12 -0.74 0.40 1.00 -0.26 24 X Y 042600D
143.73 40.10 49 1.77 -0.10 -1.66 0.34 1.57 -0.36 24 X Y 042600E
-178.29 -33.53 15 1.23 0.19 -1.42 0.55 1.53 -0.44 24 X Y 042600G
-176.51 -17.53 26 -0.09 -1.14 1.23 -0.01 0.15 0.34 24 X Y 042700A
-174.18 51.48 33 1.02 -0.89 -0.13 0.58 1.72 -1.62 23 X Y 042800A
-173.41 -15.28 15 -2.47 2.69 -0.22 -0.78 -2.28 4.03 23 X Y 042800B
-15.84 -0.99 15 -8.66 0.82 7.84 6.07 4.53 -1.58 23 X Y 042900A
-16.15 -1.16 15 -0.76 -0.49 1.24 0.69 -0.88 -0.29 24 X Y 042900B
-76.99 -6.34 132 -3.94 -0.04 3.98 -0.30 1.20 -1.39 24 X Y 042900C
129.98 -7.32 163 3.14 -6.63 3.49 2.89 3.19 1.50 23 X Y 043000A
-66.33 -27.39 27 5.72 -0.91 -4.82 5.29 0.10 -2.46 23 X Y 043000B
-130.78 50.96 15 -1.45 -3.71 5.16 1.61 -1.96 6.54 23 X Y 043000C
-130.61 50.98 15 -0.26 -0.88 1.14 0.49 -0.11 1.91 24 X Y 043000D
143.75 40.29 15 0.51 0.06 -0.57 0.71 1.11 -0.30 24 X Y 043000E
142.81 12.04 43 0.79 1.44 -2.23 0.22 0.98 5.58 23 X Y 043000F
146.81 -4.09 15 0.26 -5.47 5.21 1.40 2.54 5.83 24 X Y 043000G
72.43 37.82 152 -0.09 0.92 -0.84 0.30 -0.76 -2.72 24 X Y 050100B
143.65 41.08 28 2.40 1.07 -3.47 4.80 4.30 -1.41 23 X Y 050100C
132.87 -4.27 24 -1.16 -8.55 9.71 0.87 1.38 1.73 23 X Y 050100E
142.36 12.74 28 -2.31 3.10 -0.79 1.82 1.08 2.77 23 X Y 050200A
-177.24 -15.41 424 0.08 -0.11 0.04 1.07 -1.90 0.00 24 X Y 050200C
148.02 17.42 15 -2.17 -5.95 8.12 -8.61 -0.29 -2.09 24 X Y 050200D
-139.48 59.70 15 8.14 -2.47 -5.67 7.68 4.61 5.81 23 X Y 050200E
179.77 -24.24 554 5.20 -4.47 -0.74 -1.08 -7.65 -8.36 23 X Y 050300A
50.18 29.57 33 1.56 -0.96 -0.60 -2.69 0.09 3.38 23 X Y 050300B
123.59 -1.29 19 0.81 1.84 -2.65 -0.46 0.84 -0.05 27 X Y 050400A
-177.92 51.62 43 2.12 -1.71 -0.42 1.62 1.00 -1.34 24 X Y 050400H
-178.31 -17.72 540 1.43 4.08 -5.51 -2.13 -1.23 1.85 25 X Y 050400K
148.02 17.83 15 -1.43 0.22 1.21 0.65 1.74 -0.08 24 X Y 050400L
147.49 17.54 15 -4.02 -0.23 4.25 0.21 -5.90 -1.04 23 X Y 050500A
123.47 -1.14 40 -0.62 4.34 -3.73 -1.18 0.18 0.72 24 X Y 050500B
165.24 -11.33 15 -3.53 0.75 2.78 0.47 -0.85 -1.36 25 X Y 050600B
78.89 -36.58 15 -0.28 -7.74 8.03 3.04 4.92 -0.28 23 X Y 050600D
-173.39 -14.92 61 -0.06 0.75 -0.68 -3.53 0.90 0.66 24 X Y 050700A
122.84 -2.51 56 0.32 1.13 -1.44 0.27 0.52 2.11 24 X Y 050700B
121.86 -2.46 38 -1.62 6.47 -4.86 -0.87 3.40 3.48 23 X Y 050700D
147.23 -6.22 93 -5.11 7.13 -2.02 1.23 5.99 -3.31 23 X Y 050800A
125.47 11.31 15 0.88 2.17 -3.05 -0.94 -0.71 -0.57 24 X Y 050800B
150.14 -4.38 496 -1.11 0.47 0.63 -0.80 -0.03 1.03 25 X Y 050800C
97.52 -1.38 21 1.12 -0.62 -0.50 1.05 -1.29 0.36 24 X Y 050800D
124.78 11.05 15 0.19 1.37 -1.56 0.44 0.70 -0.52 24 X Y 050800E
-154.28 57.48 53 -2.20 0.76 1.44 1.80 2.77 0.48 23 X Y 050800F
-179.98 -31.07 394 -2.34 -0.87 3.21 -0.98 0.52 0.56 24 X Y 050800G
-70.44 -25.92 57 4.09 0.09 -4.19 3.45 -5.28 0.37 23 X Y 050900B
152.06 -4.28 15 -0.31 5.96 -5.64 -3.61 2.39 -0.14 23 X Y 051000A
-175.29 -23.88 32 9.60 -0.63 -8.97 4.82 7.94 -4.07 23 X Y 051000C
12.00 44.31 15 5.10 -3.40 -1.71 -1.09 -0.02 -1.38 23 X Y 051000E
123.83 0.11 77 0.42 -3.90 3.48 -0.78 1.55 -3.22 23 X Y 051100C
157.77 51.21 66 0.05 -0.35 0.30 -2.04 -4.66 -5.55 23 X Y 051200B
-66.85 -23.72 227 -2.15 -0.15 2.30 -0.49 -6.16 0.87 26 X Y 051200C
70.53 36.04 106 -0.58 1.30 -0.72 2.24 1.57 0.47 25 X Y 051200D
142.59 12.32 19 -2.16 1.48 0.68 -0.14 0.54 0.58 23 X Y 051300F
140.12 27.17 479 -8.16 2.77 5.39 1.88 -4.05 -0.81 23 X Y 051400B
123.60 -1.37 42 1.73 1.05 -2.78 -0.87 0.40 -0.33 24 X Y 051400C
129.70 -6.14 244 2.24 1.04 -3.28 7.43 0.81 -8.47 23 X Y 051400D
123.56 -4.31 16 1.91 -0.26 -1.65 0.26 1.58 -1.60 25 X Y 051400G
152.44 -3.25 359 -1.28 0.24 1.04 0.42 0.09 0.50 24 X Y 051500A
-130.26 49.85 15 -0.76 -7.06 7.82 2.47 2.38 -1.10 23 X Y 051500B
-130.28 50.11 15 -0.27 -1.15 1.42 0.46 0.06 1.21 24 X Y 051500C
143.14 22.40 121 0.18 -0.81 0.63 -5.11 3.79 -1.49 23 X Y 051500D
123.54 -48.94 15 -6.61 6.18 0.43 -0.77 -1.25 -0.15 23 X Y 051600A
123.57 -1.29 55 0.16 5.14 -5.30 -1.42 1.84 0.58 23 X Y 051600B
151.54 -4.41 24 0.14 1.17 -1.31 0.61 0.47 0.21 24 X Y 051700A
120.68 24.39 15 -0.07 0.55 -0.48 -0.25 -0.03 -1.50 24 X Y 051700B
-13.55 -10.67 15 -6.18 0.79 5.39 3.88 -6.86 -1.51 23 X Y 051800B
159.61 51.95 55 2.51 -0.95 -1.56 -0.68 0.69 -0.60 23 X Y 051800E
120.64 13.42 68 3.63 -2.13 -1.50 3.69 1.82 -0.23 23 X Y 051900B
-152.84 58.97 91 -0.88 -4.72 5.59 3.32 2.00 2.62 24 X Y 051900C
125.82 -49.74 15 -0.07 1.06 -0.99 0.19 0.16 1.87 24 X Y 052000A
179.77 -23.28 554 1.13 0.16 -1.29 0.92 -1.45 -1.87 24 X Y 052000B
43.34 -12.48 15 0.47 3.23 -3.71 5.24 -3.95 -3.89 23 X Y 052100A
136.30 -1.11 33 1.66 0.43 -2.09 2.34 -0.55 3.67 23 X Y 052100B
-9.00 71.08 15 0.58 5.49 -6.08 -3.33 6.55 5.85 24 X Y 052100C
127.27 8.21 54 3.90 2.31 -6.22 -9.27 -6.34 -1.21 23 X Y 052200A
-25.75 0.85 15 0.25 0.86 -1.11 0.47 -0.26 -7.12 24 X Y 052200B
-81.07 -4.11 41 5.00 -1.05 -3.95 -4.10 -2.19 -1.02 24 X Y 052200C
-174.92 -15.53 293 -3.52 -3.10 6.61 -0.76 -5.33 -1.63 23 X Y 052300A
-67.20 -23.96 190 -3.48 -2.09 5.58 3.64 1.39 1.87 23 X Y 052300D
-78.68 1.65 34 2.93 1.84 -4.77 -4.08 -4.85 0.16 23 X Y 052300F
-8.51 71.12 15 0.76 7.45 -8.21 -0.61 2.05 6.82 23 X Y 052400A
21.95 35.80 38 -0.25 -0.22 0.47 2.00 0.32 3.89 24 X Y 052400B
22.10 35.92 15 3.03 -2.83 -0.20 6.43 1.21 -0.42 23 X Y 052400C
153.22 -4.58 86 3.18 -1.86 -1.32 2.98 1.04 -2.67 23 X Y 052400E
-166.91 52.41 19 0.98 -1.05 0.07 1.11 0.49 -0.40 24 X Y 052500A
156.54 -8.33 16 9.30 -0.89 -8.41 -0.82 -4.46 3.76 23 X Y 052500B
142.76 12.20 15 -3.52 2.81 0.71 2.82 1.33 3.58 23 X Y 052500C
139.24 11.35 15 0.50 -1.10 0.60 0.19 0.60 -0.29 25 X Y 052600A
20.54 38.96 15 -0.25 -0.28 0.53 0.00 0.90 2.36 24 X Y 052600C
154.70 -6.92 40 -3.58 2.54 1.04 1.29 1.26 0.98 23 X Y 052600D
167.22 -15.11 119 5.18 2.77 -7.95 -6.16 1.57 2.95 23 X Y 052700A
-87.48 11.51 40 4.83 -3.67 -1.15 2.67 -4.01 2.84 23 X Y 052700B
172.71 -63.72 15 -0.30 5.66 -5.36 2.30 0.44 -1.85 24 X Y 053000A
71.54 36.52 90 1.42 0.29 -1.70 -0.81 1.44 -1.52 23 X Y 053000B
104.92 51.47 15 -4.26 2.58 1.67 -0.06 -1.26 0.79 23 X Y 053100B
145.14 -6.10 106 5.69 -3.11 -2.59 0.45 0.86 -3.18 23 X Y 060100A
166.42 -13.43 86 3.89 -2.03 -1.86 -1.61 -0.49 -0.98 23 X Y 060200B
-130.22 44.46 15 -0.53 -1.62 2.16 0.70 -0.31 -1.34 25 X Y 060200C
159.21 51.91 68 1.87 -0.66 -1.21 -0.31 -0.00 -1.27 24 X Y 060300A
140.87 35.52 48 1.30 0.15 -1.45 -0.19 1.19 -0.25 25 X Y 060300C
-175.77 -28.04 33 5.23 -0.22 -5.01 2.42 3.96 -1.49 23 X Y 060300D
160.42 -10.13 15 2.82 0.05 -2.87 5.24 0.34 2.21 23 X Y 060400A
-161.62 -62.51 15 -0.12 1.46 -1.34 0.16 -0.01 0.24 24 X Y 060400C
101.94 -4.73 44 3.85 -3.96 0.11 0.04 -2.72 -5.99 27 X Y 060400D
102.99 -5.91 15 -3.50 -0.70 4.20 4.05 1.85 -1.21 24 X Y 060500E
102.51 -5.55 37 3.15 -2.55 -0.61 2.80 -1.90 2.02 24 X Y 060500I
106.77 -7.22 15 3.82 -3.23 -0.59 3.67 -1.57 -0.12 23 X Y 060500N
101.75 -4.49 34 1.04 -1.29 0.25 1.39 -0.84 0.87 24 X Y 060500O
32.70 40.75 15 -6.86 -0.43 7.30 -3.71 3.10 -8.36 24 X Y 060600B
102.31 -5.22 23 7.30 -7.20 -0.10 8.91 -3.62 3.71 23 X Y 060600D
102.51 -5.39 36 1.28 -1.00 -0.28 1.41 -0.90 0.85 25 X Y 060600F
103.91 37.02 15 0.29 0.50 -0.79 -0.37 1.06 2.24 24 X Y 060600G
131.53 29.31 36 2.89 -2.10 -0.79 -1.12 1.35 -2.77 25 X Y 060600H
135.44 36.86 28 5.80 1.65 -7.45 -2.03 -2.91 -3.11 24 X Y 060600J
139.69 -51.81 15 -1.43 0.44 1.00 0.00 0.00 -8.04 23 X Y 060700A
126.96 5.29 56 0.62 0.41 -1.04 0.35 0.14 -2.05 24 X Y 060700B
97.15 26.70 37 2.21 -0.58 -1.63 0.25 -2.08 2.49 25 X Y 060700C
101.82 -4.63 17 1.20 -0.09 -1.11 -0.23 -0.49 -0.09 26 X Y 060700D
-92.44 14.13 42 1.75 -1.76 0.01 0.78 -0.72 0.71 24 X Y 060800H
97.41 26.43 19 3.91 -0.93 -2.98 -1.19 2.45 4.11 23 X Y 060800J
159.85 52.11 40 5.13 -2.27 -2.86 -0.22 1.28 -3.24 23 X Y 060800L
-92.44 14.05 40 7.47 -6.98 -0.49 4.94 -3.61 3.46 23 X Y 060800N
152.69 -5.31 28 1.93 -1.93 0.00 2.53 0.73 -0.53 25 X Y 060900A
103.07 -5.51 46 -0.25 -3.27 3.51 -0.73 5.68 5.61 23 X Y 060900F
102.62 -5.73 27 0.72 -0.14 -0.58 0.50 -1.54 0.40 24 X Y 060900G
102.38 -5.66 37 0.83 -0.52 -0.31 1.22 -1.52 0.77 24 X Y 060900H
102.33 -5.41 32 -3.15 2.18 0.98 7.82 -3.25 -1.87 24 X Y 060900J
162.45 -11.19 15 0.27 -0.84 0.57 -0.05 -0.72 1.18 25 X Y 060900L
101.86 -4.56 15 0.43 0.06 -0.49 0.58 -1.61 -0.18 24 X Y 060900O
137.96 30.41 485 -3.06 4.59 -1.54 0.11 -2.64 2.03 24 X Y 060900P
137.79 30.47 492 -2.02 1.71 0.31 -0.59 -0.63 1.71 25 X Y 060900Q
-176.97 -21.79 267 -9.06 4.64 4.42 -9.39 -5.34 -6.15 23 X Y 061000B
-171.97 -17.77 15 1.52 0.08 -1.60 0.67 1.14 -0.22 24 X Y 061000E
166.05 -11.56 48 8.72 0.14 -8.86 0.55 0.99 0.91 24 X Y 061000F
139.08 -2.86 40 3.20 -2.33 -0.87 -2.17 0.61 2.21 23 X Y 061000G
152.99 -4.94 45 1.21 -1.08 -0.12 1.27 0.57 0.22 24 X Y 061000I
120.90 24.02 28 1.30 0.48 -1.78 -1.85 -4.76 -0.20 25 X Y 061000J
-178.35 -30.76 138 -0.67 0.39 0.28 -0.31 1.20 -0.50 24 X Y 061100A
101.49 -5.54 15 0.08 -0.52 0.44 1.78 -1.40 0.46 24 X Y 061100B
139.38 -50.80 15 -0.02 -0.19 0.21 1.99 0.13 -7.67 25 X Y 061100C
102.00 -5.19 51 2.43 -4.91 2.48 0.44 -4.61 -9.11 23 X Y 061100F
26.74 35.16 15 -0.35 -0.91 1.26 -1.11 -0.51 0.16 24 X Y 061300A
120.29 17.43 52 2.68 -0.58 -2.10 -0.75 3.51 -0.73 24 X Y 061400B
178.38 -25.45 615 -2.32 -0.52 2.84 -0.75 -3.81 -2.53 25 X Y 061400C
-67.11 -23.84 240 -4.38 -1.69 6.07 2.65 -4.03 -0.33 24 X Y 061400D
153.01 46.77 64 1.39 -0.42 -0.97 0.05 0.46 -1.25 24 X Y 061400G
127.61 4.75 111 3.01 0.23 -3.24 -0.62 -1.57 0.50 25 X Y 061400I
-12.40 -4.68 15 -9.17 1.89 7.28 1.35 0.29 2.76 23 X Y 061400J
176.24 -17.55 19 0.10 -1.20 1.10 -0.06 0.19 -0.41 25 X Y 061400K
152.62 -3.77 179 -8.47 4.03 4.45 -8.55 0.19 -4.57 23 X Y 061500A
102.73 -4.82 15 2.05 -2.45 0.40 2.06 -3.32 1.08 23 X Y 061500B
132.16 29.31 15 -1.64 -0.05 1.69 -0.01 0.05 0.18 25 X Y 061500C
102.60 -5.02 15 -0.25 0.14 0.11 8.01 -5.74 0.47 23 X Y 061500D
20.49 34.45 15 4.81 -2.13 -2.68 -2.53 -2.99 -2.11 23 X Y 061500E
118.62 1.05 18 0.97 -0.65 -0.31 -1.42 0.24 -0.16 24 X Y 061600A
-69.92 -33.95 109 -3.81 0.26 3.54 0.03 -2.31 1.86 25 X Y 061600B
-13.74 -7.83 15 -1.29 -0.13 1.43 0.00 0.00 -0.06 24 X Y 061600C
-13.49 -7.78 15 -1.68 0.95 0.73 0.00 0.00 -0.35 24 X Y 061600D
-178.09 -28.74 230 1.50 0.24 -1.74 -1.31 -1.04 -0.60 24 X Y 061600E
58.59 9.36 15 -8.52 5.51 3.01 0.00 0.00 -4.82 23 X Y 061600F
-178.00 51.42 47 3.36 -3.01 -0.36 1.39 1.19 -0.95 23 X Y 061600G
-20.47 63.99 15 -0.94 1.19 -0.25 -0.16 -1.92 6.73 25 X Y 061700B
97.17 -13.47 15 1.58 2.77 -4.35 2.97 3.47 -5.89 27 X Y 061800A
120.42 17.02 40 -0.42 0.17 0.25 -2.10 -2.93 -2.26 24 X Y 061900B
120.38 13.88 107 0.54 -1.05 0.51 2.17 -2.34 0.35 24 X Y 061900D
120.91 23.95 20 4.40 -0.11 -4.29 -3.07 -7.55 -0.32 23 X Y 061900F
77.43 35.24 40 -0.13 0.01 0.12 -0.31 -0.03 1.36 24 X Y 061900G
102.74 -6.26 24 0.32 -2.91 2.59 1.94 2.86 4.81 23 X Y 062000A
97.47 -13.94 15 -0.07 2.24 -2.17 0.00 0.00 -4.43 24 X Y 062000C
102.29 -5.22 60 3.67 -7.69 4.02 1.06 -0.87 -7.05 23 X Y 062000D
-20.85 63.98 15 -0.75 0.60 0.15 0.20 -1.14 5.30 25 X Y 062100A
-13.77 71.05 15 -1.52 4.22 -2.69 0.00 0.00 5.01 23 X Y 062100D
144.98 13.92 122 -1.30 2.07 -0.76 6.92 0.22 -5.39 24 X Y 062100E
-176.64 -28.09 15 0.24 -0.34 0.10 0.75 1.39 -0.42 24 X Y 062100F
96.93 -13.24 15 2.50 -0.08 -2.42 -1.73 1.43 -0.94 23 X Y 062200A
126.42 1.56 43 4.38 -1.42 -2.97 1.06 0.14 -2.20 24 X Y 062300A
51.25 29.93 33 -0.49 0.50 -0.01 -1.69 -0.83 5.85 23 X Y 062300C
167.91 -17.56 17 4.68 -0.82 -3.85 3.36 -6.00 0.75 23 X Y 062400A
51.32 13.52 15 -0.96 8.68 -7.72 -4.05 0.52 6.50 23 X Y 062400B
131.55 31.06 23 6.71 -0.65 -6.07 6.48 9.25 -2.74 24 X Y 062500B
130.35 -6.78 136 4.93 -4.21 -0.71 -2.48 0.62 2.80 23 X Y 062600B
126.09 -7.09 518 -4.62 -0.13 4.75 1.73 0.38 1.47 24 X Y 062700C
139.21 34.12 15 0.80 6.00 -6.80 1.90 1.35 -6.04 23 X Y 062800C
139.27 33.52 15 -0.18 -0.58 0.76 -0.58 -5.80 -6.02 23 X Y 062800E
-150.18 58.65 36 2.46 -4.18 1.72 1.49 3.71 5.71 23 X Y 062800F
138.94 34.25 15 -5.32 -2.70 8.03 -5.97 -6.19 -0.78 23 X Y 062900B
139.59 33.86 34 -0.11 -0.52 0.63 -0.00 -0.30 -1.78 24 X Y 062900E
139.34 34.21 15 0.06 0.80 -0.86 -2.96 0.20 -9.75 23 X Y 062900F
139.42 34.15 15 0.21 0.90 -1.10 -1.18 -0.75 -4.32 23 X Y 062900G
139.47 33.81 15 -0.48 -0.40 0.89 -0.20 0.26 -2.28 24 X Y 062900H
145.00 12.71 35 5.96 -4.39 -1.57 2.26 2.09 -3.73 24 X Y 062900I
141.73 37.30 45 0.94 0.17 -1.11 0.17 0.86 -0.66 24 X Y 063000A
178.82 -34.89 201 2.95 -0.66 -2.30 0.73 1.66 -1.47 24 X Y 070100A
139.24 34.15 15 -0.50 0.20 0.30 0.11 0.01 -1.79 25 X Y 070100B
94.67 24.45 103 3.22 -6.10 2.88 -4.48 -3.26 1.17 23 X Y 070200A
138.85 33.90 15 0.11 5.69 -5.80 7.38 -6.22 -3.00 23 X Y 070200B
139.45 34.04 15 -0.49 1.98 -1.49 1.09 -0.34 -2.87 24 X Y 070200C
138.98 33.78 15 -1.31 -2.69 4.01 6.74 1.15 -3.69 23 X Y 070300A
139.58 33.97 15 -1.21 0.99 0.22 0.47 0.05 -3.21 23 X Y 070300C
131.75 31.04 44 8.11 1.82 -9.94 5.41 5.49 -4.97 23 X Y 070300D
139.34 34.18 15 -0.99 0.28 0.70 -1.01 0.56 -0.80 24 X Y 070400B
-175.94 -26.94 15 -3.71 -1.54 5.24 -7.38 0.73 -5.30 23 X Y 070400C
-175.19 -26.75 15 -7.37 0.22 7.15 -2.92 4.91 -2.11 23 X Y 070400D
121.84 20.81 38 -0.17 2.31 -2.14 -0.08 0.40 -1.06 24 X Y 070400E
147.04 43.14 72 -0.52 1.43 -0.91 0.35 0.08 -0.33 24 X Y 070400F
101.59 -4.54 32 6.34 -2.78 -3.56 3.00 -2.10 4.90 23 X Y 070500A
139.04 33.92 15 -0.22 5.11 -4.90 2.47 -4.32 -7.13 23 X Y 070500B
142.29 35.93 15 -0.31 1.37 -1.05 0.15 0.14 -0.49 24 X Y 070600B
170.37 53.20 16 0.63 -0.72 0.09 0.39 1.66 0.23 24 X Y 070600C
139.31 34.11 15 -5.20 2.48 2.72 2.42 4.52 -2.13 23 X Y 070600D
-175.67 -15.38 326 -0.95 -0.64 1.58 0.60 0.71 0.23 24 X Y 070600E
139.22 34.08 15 -1.65 4.41 -2.76 -0.23 0.58 -8.50 23 X Y 070600G
-86.31 12.23 24 -0.10 -1.38 1.49 0.33 -0.16 -0.45 24 X Y 070600J
-86.01 11.89 17 -1.49 -3.04 4.53 -2.19 -1.52 -2.79 23 X Y 070600K
138.76 34.05 15 -1.80 4.71 -2.91 6.90 1.19 -8.34 23 X Y 070700A
-66.22 -27.69 176 -7.17 0.22 6.95 4.86 1.68 -6.44 23 X Y 070700B
-179.93 51.41 42 6.13 -5.14 -0.99 4.78 2.34 -3.52 24 X Y 070700C
143.15 -4.65 119 0.87 -0.10 -0.77 1.10 -0.18 0.30 24 X Y 070700D
144.41 39.12 15 -4.07 1.21 2.86 4.50 5.16 -1.07 23 X Y 070700E
-86.13 11.70 21 -1.26 -4.66 5.92 -1.96 3.56 3.06 23 X Y 070800A
158.23 -8.77 47 -6.88 4.91 1.97 0.14 -3.45 6.73 23 X Y 070800B
102.94 -5.64 31 -5.50 3.24 2.26 1.47 -2.58 3.99 24 X Y 070800C
139.23 33.94 15 -0.05 0.49 -0.44 0.62 0.07 -1.41 24 X Y 070800E
139.20 34.04 15 -2.37 1.26 1.10 0.08 0.58 -6.81 24 X Y 070800F
-177.37 -16.23 15 -0.05 -6.89 6.94 1.63 -1.06 2.08 24 X Y 070900A
92.55 32.74 15 -1.31 0.28 1.02 0.53 0.23 0.27 24 X Y 071000A
145.59 46.83 361 -2.46 4.43 -1.97 -2.55 -4.17 1.96 24 X Y 071000B
103.72 -4.90 113 4.18 -3.39 -0.80 2.47 0.60 -1.93 24 X Y 071000C
-154.22 57.54 52 -2.32 -0.37 2.68 3.87 0.54 4.59 25 X Y 071100A
139.14 33.94 15 -0.01 3.48 -3.46 3.11 1.64 -7.59 23 X Y 071100E
125.71 5.80 86 -0.19 3.09 -2.90 -6.82 8.05 -2.08 23 X Y 071100F
138.91 34.08 15 -1.03 4.75 -3.72 -0.32 1.99 -1.72 23 X Y 071100I
139.06 33.98 15 -0.55 1.14 -0.58 4.63 2.07 -4.40 23 X Y 071100J
41.32 -43.80 15 1.93 6.60 -8.54 0.00 0.00 0.82 23 X Y 071100K
106.90 -7.06 25 -6.03 -2.55 8.58 7.75 2.21 6.12 23 X Y 071200B
139.09 34.19 15 -1.21 4.89 -3.68 1.15 1.22 -6.85 23 X Y 071200C
170.16 -23.70 15 -6.71 7.99 -1.27 -2.89 0.26 -3.91 23 X Y 071200E
139.16 34.13 15 -5.82 3.84 1.99 6.00 2.51 -7.19 23 X Y 071200H
-176.12 -19.63 33 -0.44 -0.65 1.09 -0.21 0.05 -1.27 24 X Y 071200I
-77.80 6.54 15 -7.64 1.77 5.86 0.48 4.12 -3.08 23 X Y 071200K
154.92 -6.17 63 3.72 -0.90 -2.82 -0.17 0.66 -0.16 23 X Y 071300A
-71.86 -16.58 77 1.05 -1.60 0.54 0.90 3.41 -5.36 23 X Y 071300B
124.00 -48.95 15 -2.32 2.90 -0.58 -1.42 0.02 0.05 24 X Y 071300C
155.95 49.39 89 1.81 -0.05 -1.76 8.06 7.97 -0.69 23 X Y 071300D
-175.27 -18.23 267 -0.57 0.61 -0.04 -0.55 -2.05 1.03 24 X Y 071300E
139.25 34.04 15 -3.21 3.16 0.05 2.81 0.31 -6.27 23 X Y 071300F
121.46 23.55 32 0.47 -0.56 0.08 0.12 1.07 -0.63 24 X Y 071400A
-16.47 -0.87 15 -2.91 -4.49 7.40 8.25 -8.23 -4.88 23 X Y 071400B
139.69 34.09 15 -0.22 0.11 0.11 -0.74 0.47 -1.26 24 X Y 071400C
139.09 34.15 16 -1.07 0.78 0.29 0.64 -0.07 -0.99 24 X Y 071400E
151.75 -5.46 50 1.05 -1.04 -0.00 0.46 -0.09 -0.38 24 X Y 071400G
139.31 34.29 20 -0.10 -0.73 0.83 -0.13 0.23 -1.11 25 X Y 071500A
-19.60 -0.13 15 0.07 0.51 -0.59 -0.36 1.37 -1.81 24 X Y 071500B
7.94 -54.10 15 -0.81 4.87 -4.06 0.00 0.00 1.15 24 X Y 071500C
128.91 -6.92 226 -0.00 -0.53 0.53 7.16 -0.48 -3.07 24 X Y 071500E
154.60 -61.19 15 0.20 1.94 -2.14 0.30 1.27 -1.44 24 X Y 071500F
121.91 20.35 22 -0.60 4.26 -3.66 -0.10 1.47 -1.03 25 X Y 071600A
150.96 -7.54 15 -8.79 8.27 0.51 -0.70 -3.73 1.61 25 X Y 071600B
139.05 -4.07 19 -0.31 0.84 -0.53 -0.53 1.27 4.97 24 X Y 071600C
101.77 -5.63 62 -1.73 1.23 0.50 0.24 -4.56 -8.39 23 X Y 071600E
166.29 -12.30 42 1.55 0.08 -1.63 0.05 0.41 0.22 25 X Y 071600F
-12.96 70.77 15 0.41 4.39 -4.81 -1.28 0.01 2.57 23 X Y 071700C
143.01 28.12 15 7.30 2.62 -9.92 -3.18 6.82 -0.20 23 X Y 071700E
70.82 36.24 146 1.11 -2.07 0.97 2.52 1.34 0.22 25 X Y 071700F
120.48 17.74 25 0.57 0.37 -0.95 -1.79 -3.02 0.11 24 X Y 071800D
96.62 4.50 15 1.28 -6.00 4.72 -0.33 2.46 -3.44 23 X Y 071900A
153.13 -4.45 71 -0.16 -2.91 3.07 3.48 1.49 -1.80 23 X Y 071900B
147.51 20.56 54 -0.96 3.08 -2.11 0.73 -0.02 -5.52 23 X Y 071900D
143.05 38.82 18 5.80 1.74 -7.55 5.35 8.42 -2.68 23 X Y 071900E
139.19 34.01 15 -7.81 0.92 6.89 1.91 7.65 -5.14 23 X Y 071900G
139.33 34.04 15 -1.82 4.09 -2.27 0.61 -1.00 -7.97 23 X Y 072000C
141.16 36.41 46 8.24 -2.52 -5.72 4.48 5.65 -5.59 24 X Y 072000D
-85.66 9.30 15 -4.93 4.50 0.43 0.53 0.32 -1.26 25 X Y 072100A
140.66 35.13 16 0.90 -2.18 1.28 3.17 2.58 -0.01 24 X Y 072100D
-85.59 9.38 26 -1.39 0.99 0.40 -1.27 0.51 -0.57 24 X Y 072100E
-98.46 18.25 56 -5.99 6.65 -0.66 -2.88 0.15 -1.79 24 X Y 072100F
-35.31 35.34 15 0.05 0.53 -0.58 0.67 0.83 2.02 24 X Y 072200B
102.03 -4.45 46 2.61 -2.14 -0.47 2.61 -1.06 1.71 24 X Y 072200C
139.02 33.86 15 -1.93 -0.05 1.99 5.05 0.86 -7.79 23 X Y 072300A
-173.36 -18.83 54 2.75 1.75 -4.50 -1.22 4.16 1.25 23 X Y 072300B
138.90 34.81 15 -5.27 1.82 3.44 -1.45 0.48 -2.81 23 X Y 072300C
138.93 34.01 15 -0.57 0.18 0.39 0.27 -0.34 -1.09 24 X Y 072300E
139.12 34.11 15 -2.24 0.04 2.20 0.20 0.46 -1.31 24 X Y 072300F
-178.04 -23.66 171 -1.35 1.54 -0.19 -6.66 -4.06 -2.60 23 X Y 072400C
102.76 -6.05 30 -0.28 2.06 -1.78 0.14 -0.72 -2.66 24 X Y 072400D
-85.49 9.88 15 -4.97 3.24 1.73 3.92 1.54 1.71 23 X Y 072400E
122.55 24.60 108 0.26 -0.63 0.37 3.26 1.14 -2.53 23 X Y 072400F
-2.60 -53.57 15 -0.28 3.68 -3.40 -2.52 0.28 -7.31 24 X Y 072500A
139.28 34.22 15 -2.95 1.55 1.40 2.06 3.49 -3.68 23 X Y 072500B
139.57 33.94 15 0.74 3.97 -4.72 3.28 -1.13 -5.41 23 X Y 072500D
-25.96 0.63 15 0.10 0.43 -0.52 0.06 -0.52 -2.10 24 X Y 072600A
139.06 34.46 15 -4.76 2.45 2.31 -4.23 3.79 -1.89 23 X Y 072600B
139.13 33.95 15 -0.47 0.64 -0.17 1.16 -0.82 -2.25 24 X Y 072700A
139.02 34.30 15 -1.83 0.78 1.05 0.02 0.39 -1.24 24 X Y 072700B
-91.63 13.98 31 5.28 -5.20 -0.09 2.27 -2.83 1.49 23 X Y 072700D
-68.39 -23.06 123 -2.74 -4.55 7.28 -1.83 -4.26 -4.69 23 X Y 072700E
-2.32 -53.64 15 -3.21 8.31 -5.09 -3.90 -0.71 -7.14 23 X Y 072700F
131.84 -0.47 45 -2.31 -0.09 2.39 1.32 -0.35 4.76 23 X Y 072700G
-173.77 -20.73 57 -0.39 3.37 -2.99 -1.75 3.68 -2.62 23 X Y 072800A
70.90 36.62 237 0.50 0.57 -1.07 0.13 -0.67 0.04 24 X Y 072800B
166.21 -12.38 42 5.03 -0.20 -4.83 -0.06 1.10 0.63 24 X Y 072800D
139.25 34.10 15 0.08 0.41 -0.49 0.19 1.19 -0.71 24 X Y 072800F
120.80 23.49 15 -0.48 1.85 -1.36 0.28 -0.70 -2.96 24 X Y 072800G
157.80 52.61 164 -2.06 0.21 1.85 -4.79 -8.37 -0.02 23 X Y 072900B
-179.52 51.15 18 4.48 -3.19 -1.29 1.45 -2.15 -0.36 23 X Y 072900E
139.55 33.74 15 0.27 0.90 -1.17 0.72 -0.36 -3.67 24 X Y 073000A
-33.94 7.39 15 -0.02 -0.37 0.40 0.00 0.00 -1.00 24 X Y 073000B
165.71 -11.01 53 3.09 -0.42 -2.66 -0.26 0.11 0.77 24 X Y 073000C
139.44 33.92 15 -0.09 -2.24 2.34 -0.41 0.96 -5.50 25 X Y 073000D
-79.63 7.22 15 -0.67 -2.16 2.83 0.06 -5.19 5.01 23 X Y 073100A
143.57 39.72 25 0.59 0.09 -0.68 0.52 1.25 -0.10 24 X Y 073100B
167.19 -14.56 183 1.22 0.06 -1.28 -0.62 0.03 0.63 24 X Y 073100C
-29.79 40.88 15 -4.68 0.05 4.63 -0.97 -5.45 0.18 23 X Y 073100D
-29.49 40.79 15 -2.16 -2.74 4.91 4.09 -1.75 -0.22 23 X Y 073100E
105.51 -7.13 44 -0.38 -8.12 8.49 -1.35 -0.27 4.20 23 X Y 073100F
174.75 -16.73 15 -1.10 0.91 0.19 -0.40 -1.03 1.40 25 X Y 073100G
-175.94 -28.95 15 -6.99 -0.39 7.37 -3.57 2.20 0.10 24 X Y 073100H
-29.01 38.79 15 -1.17 -0.28 1.44 -0.35 -2.19 -4.44 23 X Y 080100A
151.86 -6.63 48 -1.86 2.40 -0.55 1.88 1.62 7.21 23 X Y 080100B
122.35 15.37 61 -0.13 0.92 -0.79 -1.16 0.41 0.26 24 X Y 080100C
174.67 -16.71 15 -0.31 0.72 -0.41 -0.98 -0.94 4.61 24 X Y 080100E
92.99 4.07 35 -4.16 -2.33 6.49 1.09 -1.54 -9.71 23 X Y 080100F
124.59 5.89 411 -2.32 -6.02 8.34 3.56 -6.37 3.41 23 X Y 080100G
78.19 -38.59 15 -0.80 -7.01 7.80 1.22 -1.23 -1.25 24 X Y 080100I
-90.78 13.64 49 -2.57 3.40 -0.83 5.49 0.83 -1.92 23 X Y 080200A
-174.46 -18.21 203 0.18 1.55 -1.73 1.03 1.29 0.83 24 X Y 080200B
139.76 33.70 15 0.04 2.99 -3.03 2.33 -3.84 -7.31 23 X Y 080200C
139.17 33.84 15 -3.10 0.47 2.62 5.85 -1.46 -6.66 23 X Y 080200E
166.17 -11.93 51 8.56 0.10 -8.66 0.02 1.48 1.50 25 X Y 080300A
131.48 31.09 37 1.60 -0.20 -1.40 1.12 1.73 -0.42 24 X Y 080300C
139.01 34.10 15 -0.08 2.29 -2.21 3.18 6.27 -6.62 23 X Y 080300D
121.27 0.65 104 -0.48 -0.45 0.93 -1.26 -0.56 -1.94 24 X Y 080300G
139.30 34.23 15 -5.67 3.78 1.89 0.60 0.58 -0.63 23 X Y 080300J
139.01 34.19 15 -7.29 4.47 2.82 2.03 3.54 -9.45 23 X Y 080300L
139.00 34.22 15 -7.49 1.69 5.80 2.67 2.88 -4.42 23 X Y 080300N
143.70 11.05 16 1.75 -4.45 2.70 -0.59 -2.01 -2.89 23 X Y 080300O
-72.44 -17.83 35 4.77 -1.40 -3.37 1.19 -3.77 3.10 24 X Y 080300Q
131.71 -6.38 52 3.66 -1.22 -2.43 -0.17 2.72 1.00 23 X Y 080300T
-178.05 -29.68 103 4.30 -4.36 0.06 -0.04 -3.19 2.33 23 X Y 080400A
169.12 -22.70 41 -3.79 3.16 0.63 -0.23 0.06 0.18 23 X Y 080400E
126.79 0.17 115 0.05 0.70 -0.76 -0.78 -2.09 0.57 24 X Y 080400F
142.03 48.77 15 1.51 0.20 -1.72 -0.30 -0.86 0.50 26 X Y 080400G
-111.97 -24.49 15 -4.73 -4.33 9.06 0.00 0.00 6.84 23 X Y 080500C
130.45 -6.28 146 1.04 -1.26 0.22 0.24 1.31 0.22 24 X Y 080500D
130.61 -5.83 177 -0.78 -0.28 1.07 0.64 1.69 0.13 24 X Y 080500E
139.68 28.89 411 -6.19 3.47 2.71 0.82 -9.32 -4.56 26 X Y 080600B
130.27 -6.62 102 -0.49 -0.80 1.29 0.11 0.70 -0.51 24 X Y 080700A
166.00 -11.94 43 1.44 -0.04 -1.41 0.32 0.47 0.20 24 X Y 080700B
131.25 28.91 53 0.81 0.73 -1.54 -0.38 0.50 -3.85 24 X Y 080700C
123.53 -6.95 648 -4.48 4.96 -0.48 -3.52 1.04 0.67 25 X Y 080700E
165.70 -12.01 28 3.98 -0.77 -3.20 2.07 -2.02 0.51 24 X Y 080700F
76.83 41.90 33 3.83 -2.47 -1.36 -0.31 -0.09 1.40 23 X Y 080800A
176.09 -38.88 68 0.77 4.05 -4.82 8.24 -3.35 0.30 23 X Y 080800B
-25.72 62.14 15 -0.32 0.17 0.16 -0.06 -0.10 1.22 24 X Y 080800C
168.16 -15.68 17 2.38 0.95 -3.34 -0.56 -0.34 -0.22 25 X Y 080900A
-102.39 18.13 33 7.00 -6.33 -0.67 0.49 -0.12 2.42 25 X Y 080900C
174.54 -16.88 15 0.13 1.57 -1.70 -0.39 -0.54 4.22 25 X Y 080900E
142.17 48.73 15 -0.69 3.92 -3.23 3.56 -2.84 3.83 23 X Y 081000A
144.76 12.58 50 1.01 -0.65 -0.36 -0.43 0.18 -0.68 24 X Y 081100A
-69.95 -17.90 91 -4.03 2.57 1.46 0.24 -5.38 -0.89 23 X Y 081100B
171.33 -23.23 15 -7.51 5.95 1.56 0.52 -2.41 1.30 23 X Y 081100C
136.16 -2.93 23 4.97 -7.30 2.33 -5.22 2.89 -1.38 24 X Y 081200A
-103.76 8.87 15 -0.31 0.98 -0.68 -1.21 0.91 -2.14 24 X Y 081200B
-82.81 11.96 15 -1.39 -0.23 1.62 2.03 1.18 7.87 23 X Y 081300B
-82.89 11.88 15 -0.30 -0.25 0.55 0.66 0.18 1.68 24 X Y 081300C
154.00 -9.31 15 1.06 0.01 -1.08 0.04 0.17 0.49 25 X Y 081400E
153.82 -9.29 15 4.81 -3.90 -0.91 -2.53 -1.65 2.33 23 X Y 081500A
-179.95 -31.42 367 -4.00 -2.83 6.83 -3.36 -5.71 -1.86 25 X Y 081500C
139.06 33.74 15 -5.39 3.34 2.05 2.76 3.58 -4.37 23 X Y 081500F
138.96 34.21 15 -5.66 4.68 0.97 0.81 5.70 -5.49 23 X Y 081500G
139.43 33.96 15 -4.25 2.52 1.73 -0.82 6.07 -5.64 23 X Y 081500H
139.02 34.55 15 -4.10 -1.11 5.21 -6.47 -2.71 -3.97 23 X Y 081500L
146.84 42.55 54 1.77 1.36 -3.13 4.11 1.92 -3.42 24 X Y 081500M
139.23 34.12 15 -3.83 1.62 2.22 -2.14 2.23 -1.96 23 X Y 081600A
54.45 37.01 15 2.54 -1.87 -0.67 1.04 0.02 -0.67 23 X Y 081600B
124.76 6.30 28 5.07 0.95 -6.01 6.66 -7.30 -0.12 23 X Y 081600C
-173.98 -22.19 15 2.92 -0.11 -2.81 2.03 3.49 -1.42 24 X Y 081700A
-172.13 -16.61 15 2.03 0.16 -2.19 0.42 1.83 -0.51 24 X Y 081700C
94.63 5.77 66 0.00 -0.62 0.62 -0.49 -1.28 -3.28 24 X Y 081700D
139.51 34.08 15 -1.93 0.04 1.90 0.44 1.79 -3.82 24 X Y 081800A
-70.24 -19.33 95 -5.17 0.54 4.63 -1.78 -4.70 3.13 23 X Y 081800D
5.00 36.12 15 0.30 -1.86 1.56 -1.88 -2.34 -6.55 23 X Y 081800E
141.59 36.10 31 0.99 -0.03 -0.95 0.49 1.17 -0.69 24 X Y 081900B
146.90 43.57 67 2.06 0.38 -2.44 1.48 -0.58 -2.45 24 X Y 081900C
126.05 7.96 174 0.16 1.96 -2.11 2.14 -0.82 0.78 24 X Y 082000B
123.21 -1.21 30 0.23 1.84 -2.07 -1.01 -0.50 0.35 24 X Y 082000C
-46.45 -53.20 15 0.35 0.39 -0.74 -0.13 0.86 1.13 25 X Y 082100A
167.27 -13.91 15 0.49 5.07 -5.56 -4.55 7.94 -0.38 23 X Y 082100C
8.48 44.87 15 -2.27 1.08 1.19 -0.01 -0.16 -2.08 23 X Y 082100D
-81.95 1.76 46 0.41 -1.76 1.35 -2.90 -0.30 -4.27 23 X Y 082200A
174.57 -22.22 15 1.62 -6.63 5.01 1.75 -2.45 1.06 23 X Y 082200B
154.84 -6.42 60 3.57 -3.13 -0.44 0.71 0.53 1.39 24 X Y 082200C
57.57 38.18 15 -0.11 -3.56 3.67 0.10 0.05 0.01 24 X Y 082200D
121.41 23.49 15 0.50 -0.39 -0.11 -0.18 1.04 -0.29 24 X Y 082300A
179.87 51.25 48 -0.61 -1.36 1.97 2.86 4.31 -3.69 23 X Y 082300B
30.72 40.68 15 -5.10 8.67 -3.57 -2.25 2.80 -6.97 23 X Y 082300D
139.33 33.91 15 1.49 6.47 -7.96 2.27 -4.41 -7.77 23 X Y 082300E
-109.26 21.67 15 -0.14 0.30 -0.16 -0.98 -0.15 1.74 24 X Y 082300F
-68.33 -22.55 120 -1.14 -0.37 1.51 0.51 -1.12 -0.37 24 X Y 082300G
139.97 31.27 15 -3.51 0.69 2.82 1.04 0.44 -0.55 23 X Y 082400A
-13.23 -28.01 15 -1.61 2.03 -0.42 0.74 -0.11 0.27 24 X Y 082400B
102.73 -6.24 19 5.77 -4.63 -1.15 -0.02 0.03 2.68 24 X Y 082400C
-177.15 -25.12 15 -6.21 -1.02 7.23 2.04 -1.94 2.21 23 X Y 082500A
102.71 -5.20 15 0.64 -2.12 1.48 8.17 3.99 0.85 23 X Y 082500B
-174.99 52.86 233 -1.76 -1.87 3.64 5.36 -1.26 -2.94 23 X Y 082600A
123.59 -5.41 40 4.51 -3.72 -0.80 5.75 0.82 -0.47 23 X Y 082600B
147.24 21.71 30 -2.61 2.24 0.37 1.33 3.99 -2.67 23 X Y 082600C
142.66 41.94 43 2.95 -2.64 -0.31 -1.52 -0.17 1.32 23 X Y 082600D
153.84 -9.47 43 4.92 -1.69 -3.23 0.17 -4.35 3.89 23 X Y 082600E
159.06 52.20 107 2.27 -1.58 -0.68 -4.24 -2.31 2.65 23 X Y 082700B
-178.94 -17.38 548 0.53 0.72 -1.24 0.95 0.56 1.05 24 X Y 082700C
162.52 56.13 16 -2.63 0.90 1.73 0.90 3.86 0.78 23 X Y 082700D
143.84 22.27 106 -0.68 1.16 -0.48 -2.70 0.01 -1.45 24 X Y 082700E
127.01 4.50 59 2.26 -0.64 -1.62 -0.15 0.40 -1.21 24 X Y 082800A
127.59 -4.18 15 1.40 -1.43 0.03 0.91 0.33 0.21 26 X Y 082800E
127.45 -4.19 24 0.71 -4.59 3.88 1.05 0.84 -1.20 25 X Y 082800I
139.22 34.38 15 -1.25 0.47 0.78 -2.45 5.06 -2.70 23 X Y 082900A
-177.39 51.07 15 3.10 -1.64 -1.46 1.17 4.37 -0.96 23 X Y 082900F
-177.20 -29.25 28 6.66 2.33 -8.98 -0.02 7.81 -0.70 23 X Y 083000A
173.24 53.24 26 -0.38 -3.88 4.26 1.23 -2.36 -3.23 23 X Y 083000B
144.38 13.02 40 0.13 0.04 -0.17 1.07 0.75 0.29 24 X Y 083100A
123.49 5.05 579 -1.98 1.41 0.57 -1.96 -2.41 0.59 24 X Y 083100C
145.74 -3.59 31 0.15 0.23 -0.38 -0.28 0.74 6.81 23 X Y 083100E
-26.75 0.88 15 0.08 0.20 -0.28 0.34 -0.36 -1.36 24 X Y 083100G
-100.79 -36.08 15 -0.07 -0.19 0.26 0.08 0.11 -1.47 24 X Y 090100A
-150.55 63.20 98 -0.06 -0.97 1.02 0.36 0.20 0.70 24 X Y 090100B
96.28 1.22 20 9.78 -5.36 -4.42 2.61 -3.47 4.79 24 X Y 090100C
133.75 -5.11 42 -1.20 -0.11 1.31 -0.47 0.69 0.73 24 X Y 090200A
-178.30 -17.82 621 -0.92 0.17 0.75 -0.46 -4.40 1.24 24 X Y 090200B
-178.92 -19.90 698 -7.45 6.11 1.34 -4.76 -0.69 -6.32 24 X Y 090200D
68.56 -5.39 15 -0.47 -5.39 5.86 4.11 1.09 -0.70 23 X Y 090200F
126.89 1.57 110 -3.21 1.53 1.68 -2.57 -4.91 -0.97 23 X Y 090300A
-177.71 -20.63 384 1.59 -4.20 2.61 -2.43 1.26 -2.66 24 X Y 090300B
146.94 42.55 61 -0.21 1.29 -1.08 1.55 -0.13 -1.26 24 X Y 090300D
94.92 4.17 24 1.59 -3.77 2.18 -0.19 -0.95 1.90 23 X Y 090400A
73.93 17.26 15 -5.46 1.08 4.38 -0.22 5.63 -0.25 23 X Y 090500A
112.36 -8.50 140 -3.32 3.51 -0.19 2.47 -1.97 0.91 23 X Y 090500B
-174.57 -21.95 15 4.68 1.11 -5.79 0.62 7.03 -2.70 23 X Y 090500C
-178.21 51.50 52 6.94 -6.72 -0.22 4.27 3.18 -2.00 23 X Y 090500E
126.33 1.70 33 4.38 -0.85 -3.53 2.53 2.36 -1.56 23 X Y 090600A
101.92 -5.11 40 0.51 -1.37 0.85 1.42 -0.92 -7.22 23 X Y 090600B
139.87 -3.82 114 -3.14 0.37 2.77 -3.08 0.16 -3.00 23 X Y 090700A
41.55 -39.60 15 0.87 3.70 -4.58 -0.03 -0.44 3.37 24 X Y 090800A
121.86 7.37 34 0.71 -1.53 0.82 -0.01 0.93 0.41 24 X Y 090800C
95.51 6.50 222 0.16 1.15 -1.31 1.46 -1.49 2.88 24 X Y 090900A
-174.58 -23.05 15 1.74 0.03 -1.78 1.02 1.70 -0.82 24 X Y 090900C
-102.64 -35.94 15 -0.38 -1.86 2.24 -0.04 -1.14 -8.12 24 X Y 090900D
119.96 13.53 34 1.29 -0.34 -0.95 0.46 -1.22 0.67 24 X Y 091000A
121.41 23.89 24 5.26 -3.04 -2.22 1.59 -1.04 -3.07 24 X Y 091000C
129.65 -1.16 17 -1.15 0.92 0.23 0.56 0.00 0.19 24 X Y 091000D
129.35 -1.18 15 -0.92 0.39 0.53 0.61 -1.43 -0.28 24 X Y 091000E
129.42 -1.07 15 -1.30 1.53 -0.23 -0.18 -0.05 0.06 25 X Y 091000F
-13.11 -1.72 15 -1.27 -0.02 1.29 1.10 -0.92 -0.15 24 X Y 091000J
139.58 34.10 15 -0.08 -0.24 0.32 -0.21 -0.14 -1.04 24 X Y 091000K
-86.51 11.26 66 9.01 -4.65 -4.36 6.72 -5.97 5.97 23 X Y 091000M
-25.09 -58.08 30 8.54 -0.93 -7.61 -0.60 7.77 1.86 23 X Y 091100B
-173.33 -15.74 125 -0.56 -0.58 1.14 0.47 2.92 -0.05 25 X Y 091100D
99.48 35.50 15 -0.38 -0.80 1.18 0.28 -0.14 1.40 25 X Y 091200A
101.72 -5.75 15 1.07 -0.61 -0.47 0.40 0.04 0.80 25 X Y 091200G
51.68 27.82 44 1.69 -1.73 0.04 -2.05 -1.48 0.53 23 X Y 091300A
95.12 33.94 15 0.17 -0.86 0.69 -0.10 0.93 3.87 23 X Y 091300B
143.10 40.67 19 2.02 2.51 -4.53 0.64 7.14 1.74 23 X Y 091300C
-137.09 -53.54 15 0.07 1.00 -1.07 0.00 0.00 0.75 24 X Y 091300D
-179.92 -15.59 15 0.52 -2.15 1.63 -0.49 -0.20 1.52 25 X Y 091400B
-175.56 -21.96 111 0.58 0.80 -1.39 1.07 -0.92 0.18 24 X Y 091400C
56.08 -33.81 15 -7.84 7.57 0.26 2.44 0.01 -0.71 23 X Y 091400D
122.14 0.25 184 1.68 -1.62 -0.06 0.00 0.45 0.05 24 X Y 091600B
-177.83 -30.14 54 -0.63 0.09 0.54 0.62 2.10 0.09 24 X Y 091600C
78.38 -38.23 15 -4.01 -1.82 5.84 -0.95 0.38 -1.06 23 X Y 091600D
122.52 23.75 35 3.23 -4.95 1.72 7.49 2.31 -0.74 23 X Y 091600E
146.93 -5.26 237 0.13 -3.19 3.06 4.15 -2.96 -1.97 24 X Y 091700B
144.56 19.21 15 -1.75 0.43 1.31 0.48 0.19 -0.19 24 X Y 091700C
-178.36 52.32 211 -0.60 -5.95 6.55 6.76 -4.74 -0.72 23 X Y 091700D
128.98 -3.18 16 -4.08 0.36 3.71 -4.33 -1.93 2.06 23 X Y 091800A
122.47 -0.04 67 3.82 -1.38 -2.44 -0.11 -1.15 -0.33 23 X Y 091800B
57.44 38.08 35 -0.48 -6.14 6.63 -1.10 0.67 -1.04 23 X Y 091900A
-154.24 57.58 43 -2.14 -0.95 3.10 1.63 -1.68 1.00 23 X Y 091900C
-175.71 -29.52 15 -8.19 -0.06 8.25 0.75 3.01 1.80 23 X Y 091900D
153.24 46.66 16 1.16 -0.37 -0.79 0.49 0.75 -0.87 24 X Y 092000A
147.84 -6.11 63 5.71 -4.45 -1.26 1.21 -1.00 1.21 23 X Y 092000B
-80.55 -2.00 58 0.88 -1.32 0.44 0.05 0.85 1.57 24 X Y 092000C
99.61 35.32 15 0.50 -1.41 0.91 2.43 -0.66 3.54 23 X Y 092000D
110.66 -5.73 570 -1.50 1.19 0.31 0.27 -0.66 -0.34 24 X Y 092100A
-141.40 -56.97 15 -0.20 1.91 -1.71 0.78 -0.12 1.48 24 X Y 092100B
-176.20 -21.09 203 -5.70 2.11 3.59 -4.50 -8.43 4.64 23 X Y 092200A
-178.47 -29.53 156 -0.58 1.10 -0.52 0.23 0.91 -1.62 24 X Y 092200C
101.84 -5.22 33 0.01 -0.71 0.70 0.07 -0.67 -1.95 25 X Y 092200E
-32.58 4.15 15 -1.62 0.08 1.54 0.09 0.90 0.16 24 X Y 092300A
-32.56 4.23 15 -4.19 0.31 3.88 0.15 0.96 0.05 24 X Y 092300B
166.19 -11.64 128 1.98 0.04 -2.02 -0.28 -0.28 0.25 24 X Y 092300C
107.88 -6.65 70 2.16 -0.58 -1.58 0.63 -1.02 0.89 23 X Y 092400A
37.56 -46.59 15 0.83 -1.21 0.38 -0.83 -0.11 -7.33 24 X Y 092500A
-153.70 58.00 41 2.17 -1.29 -0.88 2.61 2.72 3.41 23 X Y 092500C
123.55 0.06 137 6.87 -4.69 -2.19 0.17 2.76 -0.94 23 X Y 092500D
-173.26 -17.22 70 3.25 0.47 -3.72 -0.04 -1.59 -0.10 25 X Y 092600A
127.61 1.18 148 4.64 0.69 -5.33 -5.49 -0.01 3.97 24 X Y 092600D
-80.74 -0.32 15 1.80 -0.10 -1.70 0.96 -4.06 -0.52 25 X Y 092800B
122.30 12.51 30 0.74 1.70 -2.44 -1.26 0.13 0.02 24 X Y 092900C
65.57 -27.49 15 -3.91 5.45 -1.54 0.00 0.00 1.99 23 X Y 093000A
-142.85 57.33 15 0.77 2.69 -3.46 -1.86 -0.36 7.88 23 X Y 093000C
136.78 -4.51 33 1.04 -0.49 -0.55 0.56 0.90 6.91 23 X Y 100100A
-172.80 -15.92 15 3.66 -4.16 0.50 2.43 -0.08 -0.25 23 X Y 100100B
127.37 -4.01 15 0.76 -4.33 3.57 0.43 -1.03 2.39 24 X Y 100100C
30.60 -7.79 40 -5.02 0.00 5.02 0.76 -2.34 -1.03 25 X Y 100200A
128.97 28.91 16 -4.23 0.09 4.14 3.87 2.17 -0.03 24 X Y 100200D
128.73 29.05 15 -1.75 2.78 -1.02 2.99 0.60 1.39 24 X Y 100200E
67.99 -7.37 15 -1.22 0.96 0.26 0.47 -0.23 -0.73 24 X Y 100300B
143.17 39.98 15 0.94 0.28 -1.22 0.70 2.47 -0.70 25 X Y 100300D
78.43 -36.52 15 0.05 -3.51 3.46 0.00 0.00 1.40 23 X Y 100300F
-128.37 -55.74 15 -4.24 7.19 -2.94 0.76 0.19 2.01 24 X Y 100400B
167.75 -20.02 15 -4.73 -0.14 4.88 -1.99 -0.49 -0.54 23 X Y 100400C
-62.29 11.16 110 1.32 -1.52 0.21 0.23 1.25 -0.86 25 X Y 100400E
166.77 -15.51 15 2.80 -0.04 -2.76 0.15 -0.10 1.24 26 X Y 100400G
166.90 -15.42 15 3.40 -0.68 -2.72 3.04 -4.07 0.77 24 X Y 100400H
127.97 1.48 23 -3.63 -4.88 8.51 0.05 -3.29 -6.55 23 X Y 100500A
-40.73 31.74 15 -1.37 -0.09 1.45 0.67 -0.14 0.11 25 X Y 100500B
127.33 6.52 26 0.83 -0.31 -0.52 1.52 0.27 -0.23 25 X Y 100500D
133.20 35.33 15 -0.12 1.07 -0.94 -0.15 -0.04 -0.62 26 X Y 100600A
97.13 24.18 73 0.20 -1.54 1.35 -0.09 -0.48 0.57 24 X Y 100600B
128.80 24.64 20 -6.02 0.92 5.10 4.75 -1.67 -0.47 23 X Y 100600E
120.52 13.41 136 5.07 -1.69 -3.37 -1.50 -1.89 2.12 23 X Y 100700A
119.38 -10.20 27 4.91 -7.05 2.14 3.54 0.09 0.39 24 X Y 100700C
126.25 9.61 15 2.47 1.93 -4.40 -1.95 1.14 -1.26 24 X Y 100800A
133.09 34.97 15 0.19 0.83 -1.01 0.13 -0.44 -0.56 24 X Y 100800B
133.15 34.94 15 0.77 0.59 -1.36 -3.28 -1.34 -5.46 23 X Y 100800D
-78.07 0.00 15 5.33 -0.30 -5.03 0.22 -0.61 1.68 23 X Y 100800G
93.07 10.27 43 2.69 0.21 -2.90 -1.48 1.40 0.87 24 X Y 100900A
-177.94 -30.78 38 6.10 -1.43 -4.67 0.37 -0.59 -0.15 23 X Y 100900B
154.84 -6.29 75 2.78 -1.55 -1.24 0.13 -0.02 1.01 24 X Y 101000B
-177.73 -20.77 496 -3.95 0.71 3.24 -1.52 -4.86 1.14 24 X Y 101100A
124.00 -1.62 33 0.42 2.11 -2.53 0.33 -0.38 0.27 24 X Y 101100B
94.63 23.58 122 1.75 -1.11 -0.64 1.00 -1.90 -0.39 24 X Y 101100C
112.90 -20.07 15 -0.12 3.34 -3.23 1.58 2.22 -2.45 23 X Y 101100D
-172.10 -18.11 15 1.66 -0.52 -1.13 -0.06 0.33 -0.58 24 X Y 101200A
92.89 10.38 37 8.52 -1.08 -7.43 -5.19 5.94 2.20 23 X Y 101200B
62.01 -28.97 15 -5.08 4.96 0.12 -0.31 2.59 -0.74 23 X Y 101200C
125.13 12.36 39 -2.19 1.03 1.15 0.28 -0.46 0.68 24 X Y 101200D
142.14 23.41 124 1.12 -1.72 0.59 0.92 0.10 -1.35 24 X Y 101400D
-46.19 -60.50 15 -9.56 5.10 4.46 -5.70 -0.20 0.57 23 X Y 101400E
-175.45 -26.23 19 5.64 -0.05 -5.59 -1.66 2.27 -0.20 23 X Y 101400G
129.68 -6.51 175 0.00 -1.93 1.93 -0.19 1.70 1.07 24 X Y 101500A
-177.97 -30.61 52 1.10 0.04 -1.14 0.40 0.13 -0.46 24 X Y 101700A
-92.48 15.68 180 1.78 -3.43 1.66 2.13 -4.85 0.09 24 X Y 101700C
154.02 -5.40 100 7.98 -3.54 -4.45 -5.34 4.74 3.58 23 X Y 101800A
66.10 -10.39 15 1.71 -1.21 -0.50 -0.35 -0.24 -0.68 24 X Y 101800C
152.18 -5.23 56 0.87 -1.14 0.27 0.65 -0.01 -0.46 24 X Y 101800E
-45.41 23.69 15 0.20 -0.56 0.36 0.15 -1.64 -2.87 23 X Y 101800G
-68.51 -19.53 159 -0.78 -4.06 4.84 -2.28 -9.31 7.03 23 X Y 101800H
102.45 -5.28 33 -0.85 -3.49 4.34 2.64 -1.91 2.04 23 X Y 101800I
-106.04 -4.70 15 0.06 0.36 -0.41 0.00 0.00 1.78 24 X Y 102000B
158.78 -7.87 42 -6.54 9.32 -2.77 -7.09 3.15 -1.83 23 X Y 102000C
-174.79 -17.40 300 -1.35 0.24 1.12 0.72 2.17 0.58 25 X Y 102100B
-12.00 -47.45 15 -0.20 0.69 -0.49 -0.09 -0.45 -1.07 25 X Y 102100F
-90.91 1.67 15 -0.09 -0.04 0.13 0.00 0.00 -2.37 24 X Y 102100G
-90.76 2.02 16 -0.61 1.25 -0.63 -2.59 1.27 -7.42 24 X Y 102100I
120.81 13.74 152 6.15 -2.26 -3.89 0.56 -3.75 2.05 24 X Y 102100K
126.96 6.82 87 0.68 -0.11 -0.56 0.85 0.93 2.09 24 X Y 102200A
-25.41 -57.53 41 0.06 0.30 -0.36 -1.67 0.47 0.99 24 X Y 102200D
167.43 -15.07 146 -1.37 3.37 -2.00 1.75 2.93 0.80 24 X Y 102200E
59.33 31.93 33 3.75 -2.71 -1.04 -2.21 5.55 6.73 23 X Y 102300B
127.89 -4.18 29 -0.17 -0.65 0.82 0.79 0.40 2.10 24 X Y 102300D
146.77 -5.94 61 5.08 -4.87 -0.21 -3.57 -2.05 2.38 23 X Y 102400B
-72.55 -15.07 132 -7.46 3.54 3.92 -1.53 9.36 -2.87 23 X Y 102400D
-109.76 -34.76 15 0.21 -0.76 0.55 0.26 -0.33 -1.07 25 X Y 102500B
105.43 -7.28 46 1.38 -1.16 -0.22 1.03 -0.20 0.47 26 X Y 102500D
-109.63 -34.72 15 0.13 -0.36 0.23 0.40 -0.31 -1.48 25 X Y 102500G
-109.36 -35.26 15 1.77 -0.17 -1.60 -1.31 -0.20 0.60 24 X Y 102600B
129.46 -6.78 170 1.71 -1.34 -0.37 0.85 0.07 0.32 24 X Y 102600C
95.28 54.91 33 2.07 -1.59 -0.48 0.19 0.02 -0.77 24 X Y 102700A
140.69 26.31 388 0.77 -0.34 -0.43 -1.15 -0.59 0.44 25 X Y 102700B
-23.77 -1.27 15 -1.64 0.93 0.71 -1.25 0.85 -6.09 24 X Y 102700C
-61.24 17.76 18 1.87 -0.44 -1.43 -1.04 2.23 1.18 24 X Y 102700D
-172.01 -18.01 15 2.69 2.67 -5.36 2.02 -2.26 -2.07 23 X Y 102800A
146.51 18.59 15 1.97 -0.65 -1.32 0.29 4.22 0.80 24 X Y 102800B
-28.10 0.83 15 0.16 2.45 -2.60 3.41 -1.21 -9.71 23 X Y 102900A
153.95 -5.21 92 2.39 -0.89 -1.51 -1.07 1.38 1.27 26 X Y 102900C
-173.17 -15.18 54 0.75 2.54 -3.29 0.37 2.81 4.57 24 X Y 102900F
156.22 48.03 38 -1.20 0.55 0.65 0.29 1.05 1.10 24 X Y 102900I
-25.67 0.81 15 -0.09 -0.06 0.15 0.00 0.00 -3.24 24 X Y 103000A
-61.23 17.46 22 1.99 -0.68 -1.31 -4.24 3.70 1.22 24 X Y 103000B
118.98 -10.05 62 -2.15 -5.27 7.42 3.94 -0.09 6.47 24 X Y 103000C
136.09 34.34 52 0.96 -1.94 0.98 -0.88 0.47 0.09 24 X Y 103000E
165.91 -10.62 104 1.12 -0.09 -1.02 -0.04 -1.74 1.41 24 X Y 103000G
139.69 -2.61 15 -1.04 -0.43 1.47 -1.15 -0.27 -0.60 24 X Y 103000I
69.22 37.47 29 3.98 -3.60 -0.38 -2.19 -2.77 -1.42 23 X Y 103000J
-174.67 -17.96 15 -3.27 2.13 1.14 0.06 0.89 1.76 24 X Y 103100E
-174.79 -18.01 16 -2.42 1.67 0.75 -0.02 -0.06 1.21 25 X Y 103100F
-74.35 -7.99 153 0.56 -0.44 -0.11 2.28 -7.15 -1.58 24 X Y 110100A
166.70 -45.02 20 1.10 0.40 -1.49 0.43 -0.79 -0.33 25 X Y 110100B
155.83 50.16 135 1.27 7.14 -8.41 7.87 2.36 -3.62 23 X Y 110100E
126.05 5.83 116 2.08 -0.12 -1.96 -1.05 4.19 -0.18 24 X Y 110400A
-139.34 58.22 15 2.57 1.16 -3.73 -7.64 -0.74 1.71 23 X Y 110400B
102.65 -6.17 15 -0.71 -2.57 3.28 2.45 -0.44 3.05 24 X Y 110500B
92.97 9.97 33 1.85 -0.41 -1.44 -1.30 1.67 -0.17 24 X Y 110500C
-152.81 55.74 22 2.22 -2.37 0.15 4.25 2.94 -1.37 24 X Y 110600A
-29.24 -55.34 16 1.18 -1.16 -0.03 -1.10 0.10 0.33 26 X Y 110700A
167.99 -18.04 30 0.98 0.12 -1.10 0.59 0.46 0.51 24 X Y 110700D
154.18 -5.39 90 1.96 -0.65 -1.31 -1.11 0.98 0.98 25 X Y 110700E
-29.73 -55.06 15 -0.80 -0.48 1.28 -1.59 -0.90 0.72 24 X Y 110700G
-77.99 7.12 17 3.62 0.67 -4.29 0.11 -5.59 1.82 25 X Y 110800A
124.32 22.80 15 2.51 -0.88 -1.63 1.64 0.41 -1.54 24 X Y 110800B
140.00 -2.46 15 0.33 -0.46 0.13 0.41 1.27 1.01 24 X Y 110900A
127.64 5.86 84 0.94 1.16 -2.10 -0.85 -0.37 2.96 24 X Y 110900B
-173.05 -15.02 69 0.57 3.93 -4.50 -4.30 3.32 0.92 24 X Y 110900D
139.00 44.36 15 4.70 -3.64 -1.06 9.62 0.81 1.13 23 X Y 110900E
4.96 36.45 15 3.75 -3.18 -0.57 -0.79 -0.74 -2.32 24 X Y 111000E
70.42 -6.50 15 -3.15 3.01 0.13 2.26 -3.89 0.77 23 X Y 111200A
-29.85 -54.89 19 -0.56 0.34 0.23 -1.73 -0.22 0.61 24 X Y 111200B
167.23 -45.01 15 7.76 -2.62 -5.14 -3.95 -9.48 -4.65 23 X Y 111200C
154.23 -5.46 88 2.80 -1.47 -1.33 -2.06 1.79 1.59 24 X Y 111300A
-80.39 -8.44 41 3.82 -0.25 -3.57 0.48 -4.04 1.70 24 X Y 111300B
93.04 21.94 74 0.50 -1.86 1.36 0.35 0.04 -0.50 24 X Y 111300D
145.12 42.41 30 5.56 -2.06 -3.50 3.07 7.41 -4.75 24 X Y 111300E
-116.43 81.12 15 2.67 0.85 -3.52 -2.50 1.54 1.60 23 X Y 111300F
-178.90 -21.23 638 2.79 -0.62 -2.17 0.23 -1.29 -1.43 24 X Y 111300G
145.14 42.29 31 1.84 -1.04 -0.80 0.61 0.90 -2.12 24 X Y 111400B
167.38 -14.93 100 3.54 -0.85 -2.70 1.38 -2.01 1.58 23 X Y 111400C
119.69 17.36 44 -0.00 -0.09 0.09 0.31 0.06 2.15 24 X Y 111500A
170.36 -21.67 155 -0.15 0.97 -0.83 1.80 1.63 8.18 24 X Y 111500B
42.86 38.14 32 1.50 -1.64 0.14 1.23 -1.42 -0.65 24 X Y 111500D
166.49 -14.69 24 4.20 -0.16 -4.04 1.29 0.26 1.42 24 X Y 111500F
166.75 -14.72 32 1.05 -0.60 -0.45 0.95 -0.27 0.08 24 X Y 111600A
152.79 -4.56 24 0.30 7.78 -8.08 -8.54 -3.62 -2.60 27 X Y 111600B
153.17 -5.03 31 3.25 -2.84 -0.41 5.27 1.96 -0.93 27 X Y 111600C
152.84 -4.21 26 0.19 3.48 -3.67 0.59 -0.43 0.95 24 X Y 111600G
153.34 -5.54 20 3.31 -3.99 0.68 4.26 -3.02 1.07 24 X Y 111700B
153.62 -6.50 15 -5.02 2.19 2.83 -0.79 -1.00 -1.50 24 X Y 111700F
105.13 -6.73 15 -0.14 -6.36 6.50 1.21 -4.07 4.29 23 X Y 111700G
153.26 -5.07 15 0.30 0.83 -1.13 0.08 0.10 0.65 24 X Y 111700I
152.69 -5.67 21 7.17 -5.92 -1.25 4.38 4.13 0.65 23 X Y 111700N
152.34 -5.26 17 3.63 -3.43 -0.20 3.96 0.53 -1.87 27 X Y 111700Q
153.52 -5.24 19 6.85 1.88 -8.73 6.07 -0.10 -1.66 25 X Y 111800F
153.19 -6.07 15 3.84 -2.90 -0.94 0.55 0.30 0.78 24 X Y 111800G
151.85 -5.43 50 1.42 -1.40 -0.01 0.51 -0.07 -0.50 26 X Y 111800H
152.99 -4.68 59 0.07 1.53 -1.61 -0.48 -0.72 -0.74 24 X Y 111800I
153.31 -4.76 17 3.62 -0.84 -2.78 -1.19 0.94 1.45 24 X Y 111800J
153.68 -5.48 34 0.62 0.67 -1.29 0.67 -0.08 0.09 24 X Y 111800M
153.57 -5.51 15 0.73 -0.32 -0.41 1.15 0.32 -0.39 25 X Y 111800R
153.18 -4.90 44 1.77 -0.08 -1.69 1.28 -2.00 -1.77 24 X Y 111900A
151.93 -5.30 65 9.18 -7.39 -1.79 1.41 -0.08 -3.85 24 X Y 111900D
153.54 -5.21 55 2.20 -0.56 -1.64 0.43 -0.22 -0.88 24 X Y 111900F
152.20 -5.70 17 0.84 -0.77 -0.07 1.17 0.35 -0.19 25 X Y 111900G
153.04 -5.27 26 8.29 -1.69 -6.60 7.90 2.32 -5.39 23 X Y 111900H
153.14 -5.31 21 2.14 0.46 -2.60 6.10 6.21 -3.46 24 X Y 111900L
152.75 -5.45 30 1.04 -0.69 -0.35 1.00 0.29 -0.58 24 X Y 112000A
153.05 -5.30 21 1.31 -0.02 -1.29 0.62 -0.06 -0.46 24 X Y 112000B
153.07 -4.69 26 0.27 -1.81 1.53 -2.40 0.49 2.43 24 X Y 112100A
160.91 54.51 82 2.67 -2.95 0.28 -5.18 -3.95 1.72 23 X Y 112100C
152.40 -5.63 24 1.45 -1.14 -0.31 0.94 0.64 -0.67 25 X Y 112100E
151.42 -4.08 15 0.36 1.39 -1.75 3.81 1.87 4.01 24 X Y 112100F
152.98 -5.43 15 1.41 -0.25 -1.16 0.58 0.33 -0.63 25 X Y 112100I
152.89 -5.66 24 7.91 -1.52 -6.39 -3.14 9.39 -3.51 23 X Y 112200B
153.50 -6.63 30 -2.40 1.18 1.22 -0.14 0.21 -0.55 24 X Y 112200D
153.09 -5.29 24 7.18 -1.80 -5.39 2.26 -1.25 -4.70 23 X Y 112200F
166.62 -15.11 38 4.39 -0.53 -3.86 0.98 -0.28 0.92 24 X Y 112200M
152.91 -5.84 16 3.23 -2.58 -0.65 2.41 1.20 -0.99 24 X Y 112300A
152.78 -5.23 30 1.92 -1.53 -0.39 0.90 0.79 -0.31 24 X Y 112300D
151.58 -3.72 15 1.55 1.20 -2.75 6.18 1.12 4.32 23 X Y 112300G
144.17 12.84 40 -0.41 0.90 -0.50 -0.71 -0.67 -2.33 24 X Y 112300L
153.21 -4.76 42 -0.25 1.82 -1.57 1.67 -2.06 -1.76 25 X Y 112300M
153.30 -4.81 63 0.01 1.53 -1.55 3.19 -2.82 -4.78 24 X Y 112300P
153.44 -4.68 15 5.90 -3.24 -2.66 2.91 6.44 -3.47 23 X Y 112400D
153.53 -4.92 47 3.28 0.61 -3.89 2.57 1.10 -1.76 23 X Y 112400G
-173.59 -20.83 15 1.30 -0.24 -1.06 0.22 0.65 -0.73 24 X Y 112400H
153.85 -5.77 35 0.07 0.38 -0.44 0.64 -0.41 -1.19 24 X Y 112500A
153.82 -5.88 31 1.72 -0.11 -1.61 2.00 -0.27 -1.95 24 X Y 112500B
49.95 40.24 15 -0.10 0.09 0.00 0.95 -1.54 -0.03 26 X Y 112500D
50.27 40.41 26 -5.65 3.47 2.18 3.75 -2.66 -0.98 25 X Y 112500E
89.71 36.23 30 2.99 4.36 -7.35 -3.56 -9.26 5.51 23 X Y 112600A
154.27 -6.00 51 0.09 1.82 -1.92 2.89 0.78 -6.43 23 X Y 112600B
153.64 -6.60 32 -7.61 4.26 3.35 0.39 0.34 -2.86 23 X Y 112600D
-46.10 -60.68 15 -4.00 1.94 2.06 1.55 7.12 1.83 23 X Y 112600E
-70.68 -24.72 50 1.12 2.01 -3.13 -3.16 -2.93 -3.92 23 X Y 112700B
153.75 -5.56 27 0.18 7.26 -7.44 6.78 3.98 1.77 23 X Y 112800A
120.76 13.67 109 1.23 -0.32 -0.91 0.34 1.21 1.18 24 X Y 112900A
-70.89 -24.63 53 -1.25 0.22 1.04 0.55 -3.11 0.28 25 X Y 112900B
-150.07 64.07 44 0.10 -3.05 2.94 -1.78 -0.47 -4.65 24 X Y 112900C
126.31 10.68 18 0.81 0.13 -0.94 0.17 1.18 0.30 24 X Y 113000E
-174.53 -21.84 15 4.97 -1.00 -3.97 2.40 4.55 -1.43 23 X Y 120100B
-35.23 35.10 15 -0.05 1.93 -1.88 0.66 1.09 4.57 24 X Y 120100D
-102.31 17.98 52 1.01 -1.45 0.44 -0.53 0.21 0.60 24 X Y 120100E
-177.48 -30.49 57 2.66 0.51 -3.17 -4.09 0.17 -0.46 23 X Y 120100H
126.04 2.02 93 -0.07 0.00 0.06 1.15 0.13 0.20 24 X Y 120300A
-177.80 51.58 49 3.43 -2.80 -0.63 0.86 1.27 -1.58 24 X Y 120300B
-94.00 14.86 36 6.08 -4.08 -2.00 5.88 -6.62 3.80 24 X Y 120400B
171.05 53.08 21 3.44 -6.18 2.74 0.13 4.94 -1.03 23 X Y 120400E
141.33 35.70 33 2.29 0.24 -2.53 1.04 2.87 -1.15 24 X Y 120400F
-143.19 -56.12 15 0.62 5.77 -6.39 2.94 -3.53 4.11 23 X Y 120400H
126.62 4.40 80 -3.18 2.38 0.80 2.68 0.14 -2.39 24 X Y 120500B
-167.99 52.34 24 4.34 -4.44 0.10 3.71 3.19 -1.93 24 X Y 120500D
-78.79 -10.94 49 5.42 1.80 -7.22 3.29 1.13 3.57 23 X Y 120600A
54.87 39.60 33 2.61 -2.32 -0.28 2.57 0.92 1.35 26 X Y 120600C
152.87 -4.37 30 4.80 2.10 -6.90 3.75 0.47 1.94 25 X Y 120600E
152.87 -4.50 36 4.03 0.12 -4.15 3.51 -0.41 2.46 24 X Y 120700B
152.95 -4.10 38 -6.88 6.91 -0.03 5.48 -8.32 -7.94 23 X Y 120700D